round,n_client_req,n_new_updates,n_ontime_updates,n_delayed_updates,n_malicious_updates,n_benign_updates,client_avg_loss_avg,client_train_acc_avg,client_test_acc_avg,benign_client_train_acc_avg,benign_client_test_acc_avg,malicious_client_train_acc_avg,malicious_client_test_acc_avg,accuracy_score,aggregator_time
0,100,36,36,0,0,36,0.6958815455436707,0.5805554986000061,0.5006666779518127,0.5805554986000061,0.5805554986000061,0,0,0.5,45.50212001800537
1,96,49,43,6,0,49,0.6825166940689087,0.6244897842407227,0.5080612897872925,0.6244897842407227,0.6244897842407227,0,0,0.5,40.20971059799194
2,93,41,38,3,0,41,0.668262243270874,0.6829268336296082,0.5086097121238708,0.6829268336296082,0.6829268336296082,0,0,0.5,40.77118897438049
3,82,26,23,3,0,26,0.6658398509025574,0.642307698726654,0.5049615502357483,0.642307698726654,0.642307698726654,0,0,0.5,42.82192778587341
4,81,42,33,9,0,42,0.6494339108467102,0.6642857193946838,0.527654767036438,0.6642857193946838,0.6642857193946838,0,0,0.5005,44.08714175224304
5,75,29,25,4,0,29,0.6391406059265137,0.6241379380226135,0.5144482851028442,0.6241379380226135,0.6241379380226135,0,0,0.5005,44.39238119125366
6,72,24,13,11,0,24,0.6538345217704773,0.675000011920929,0.5186458826065063,0.675000011920929,0.675000011920929,0,0,0.514,45.363478660583496
7,66,41,33,8,0,41,0.6286007165908813,0.6341464519500732,0.5289999842643738,0.6341464519500732,0.6341464519500732,0,0,0.5015,51.778899908065796
8,72,53,38,15,0,53,0.628708004951477,0.6811320185661316,0.5409245491027832,0.6811320185661316,0.6811320185661316,0,0,0.5195,54.92152237892151
9,61,43,31,12,0,43,0.6255233287811279,0.6441860795021057,0.5265581607818604,0.6441860795021057,0.6441860795021057,0,0,0.5,53.12911033630371
10,69,40,22,18,0,40,0.6148363351821899,0.6774999499320984,0.566224992275238,0.6774999499320984,0.6774999499320984,0,0,0.5135,56.750524044036865
11,52,42,28,14,0,42,0.5818530321121216,0.6404762268066406,0.5375000238418579,0.6404762268066406,0.6404762268066406,0,0,0.5035,66.08716630935669
12,55,49,28,21,0,49,0.5891463756561279,0.7061223983764648,0.5853469371795654,0.7061223983764648,0.7061223983764648,0,0,0.518,67.62832403182983
13,54,38,20,18,0,38,0.5916043519973755,0.6131579279899597,0.5285394787788391,0.6131579279899597,0.6131579279899597,0,0,0.5125,68.82555508613586
14,54,27,0,27,0,27,0.6296044588088989,0.6296296119689941,0.5446296334266663,0.6296296119689941,0.6296296119689941,0,0,0.5125,0.01834559440612793
15,60,24,0,24,0,24,0.6084423661231995,0.637499988079071,0.5667499899864197,0.637499988079071,0.637499988079071,0,0,0.5125,0.0022194385528564453
16,56,35,5,30,0,35,0.6061589121818542,0.64000004529953,0.5485429167747498,0.64000004529953,0.64000004529953,0,0,0.6345,72.50890803337097
17,46,48,19,29,0,48,0.6293361783027649,0.6333333849906921,0.530260443687439,0.6333333849906921,0.6333333849906921,0,0,0.5,70.16563081741333
18,47,42,13,29,0,42,0.5906146764755249,0.6452381014823914,0.5498690605163574,0.6452381014823914,0.6452381014823914,0,0,0.5225,66.32566213607788
19,45,38,6,32,0,38,0.5965231657028198,0.5973684191703796,0.5240394473075867,0.5973684191703796,0.5973684191703796,0,0,0.5005,58.83159518241882
20,49,47,7,40,0,47,0.5691852569580078,0.6425532102584839,0.5617234110832214,0.6425532102584839,0.6425532102584839,0,0,0.5175,75.94874978065491
21,31,31,0,31,0,31,0.6093677282333374,0.6645160913467407,0.5517742037773132,0.6645160913467407,0.6645160913467407,0,0,0.5175,0.005681514739990234
22,36,33,0,33,0,33,0.5856964588165283,0.6393939256668091,0.5633030533790588,0.6393939256668091,0.6393939256668091,0,0,0.5175,0.005025625228881836
23,38,39,4,35,0,39,0.5770599246025085,0.6307692527770996,0.5528974533081055,0.6307692527770996,0.6307692527770996,0,0,0.553,64.86099743843079
24,49,33,0,33,0,33,0.6124610900878906,0.6515151262283325,0.5611515641212463,0.6515151262283325,0.6515151262283325,0,0,0.553,0.0062944889068603516
25,47,48,5,43,0,48,0.5859652757644653,0.6187499761581421,0.5499479174613953,0.6187499761581421,0.6187499761581421,0,0,0.51,69.61227750778198
26,35,40,10,30,0,40,0.5768768191337585,0.6475000381469727,0.5763999819755554,0.6475000381469727,0.6475000381469727,0,0,0.5855,75.50944232940674
27,36,40,0,40,0,40,0.5899967551231384,0.6699999570846558,0.5830874443054199,0.6699999570846558,0.6699999570846558,0,0,0.5855,0.01248931884765625
28,39,46,0,46,0,46,0.5817378759384155,0.695652186870575,0.5770543813705444,0.695652186870575,0.695652186870575,0,0,0.5855,0.006318807601928711
29,43,52,21,31,0,52,0.5585383176803589,0.6538461446762085,0.5857211947441101,0.6538461446762085,0.6538461446762085,0,0,0.532,74.0236566066742
30,38,52,10,42,0,52,0.5630203485488892,0.6788461208343506,0.5734519362449646,0.6788461208343506,0.6788461208343506,0,0,0.5265,71.85916471481323
31,48,34,0,34,0,34,0.5597827434539795,0.6500000357627869,0.56144118309021,0.6500000357627869,0.6500000357627869,0,0,0.5265,0.0015082359313964844
32,47,41,0,41,0,41,0.5454738736152649,0.6780487895011902,0.5854756236076355,0.6780487895011902,0.6780487895011902,0,0,0.5265,0.005784034729003906
33,47,40,0,40,0,40,0.5556343793869019,0.6699999570846558,0.5866750478744507,0.6699999570846558,0.6699999570846558,0,0,0.5265,0.002985239028930664
34,43,47,7,40,0,47,0.5191256403923035,0.7425532341003418,0.6342127919197083,0.7425532341003418,0.7425532341003418,0,0,0.7335,73.26578831672668
35,39,38,0,38,0,38,0.5430137515068054,0.6921052932739258,0.6127105355262756,0.6921052932739258,0.6921052932739258,0,0,0.7335,0.0037996768951416016
36,34,26,0,26,0,26,0.5406931638717651,0.6615384221076965,0.5718846917152405,0.6615384221076965,0.6615384221076965,0,0,0.7335,0.004720926284790039
37,37,33,0,33,0,33,0.5466204881668091,0.6575757265090942,0.576575756072998,0.6575757265090942,0.6575757265090942,0,0,0.7335,0.003648042678833008
38,36,34,0,34,0,34,0.5324797034263611,0.7235293984413147,0.6205441355705261,0.7235293984413147,0.7235293984413147,0,0,0.7335,0.01150202751159668
39,42,41,0,41,0,41,0.5283528566360474,0.6536585688591003,0.6085487604141235,0.6536585688591003,0.6536585688591003,0,0,0.7335,0.005980968475341797
40,44,44,0,44,0,44,0.5437036156654358,0.6181817650794983,0.574999988079071,0.6181817650794983,0.6181817650794983,0,0,0.7335,0.0016398429870605469
41,38,44,0,44,0,44,0.5334358215332031,0.6863636374473572,0.587045431137085,0.6863636374473572,0.6863636374473572,0,0,0.7335,0.004697084426879883
42,48,46,0,46,0,46,0.5252957344055176,0.7043478488922119,0.6487608551979065,0.7043478488922119,0.7043478488922119,0,0,0.7335,0.003077983856201172
43,43,53,16,37,0,53,0.5432367920875549,0.6584905385971069,0.574386715888977,0.6584905385971069,0.6584905385971069,0,0,0.5815,69.47133946418762
44,40,56,10,46,0,56,0.5396105051040649,0.6232143044471741,0.5801160931587219,0.6232143044471741,0.6232143044471741,0,0,0.523,69.3508973121643
45,44,29,0,29,0,29,0.5680127739906311,0.6620689630508423,0.5945689678192139,0.6620689630508423,0.6620689630508423,0,0,0.523,0.0010983943939208984
46,42,51,8,43,0,51,0.5368777513504028,0.7215685844421387,0.6285980939865112,0.7215685844421387,0.7215685844421387,0,0,0.6255,61.09797739982605
47,44,62,17,45,0,62,0.5354588031768799,0.7048386335372925,0.6476693153381348,0.7048386335372925,0.7048386335372925,0,0,0.6245,70.17589688301086
48,45,51,13,38,0,51,0.5117359161376953,0.7019607424736023,0.6359804272651672,0.7019607424736023,0.7019607424736023,0,0,0.6985,72.12384748458862
49,52,40,12,28,0,40,0.5275907516479492,0.7200000286102295,0.6651625633239746,0.7200000286102295,0.7200000286102295,0,0,0.7605,74.36251592636108
50,49,35,0,35,0,35,0.49750596284866333,0.7057142853736877,0.6344857215881348,0.7057142853736877,0.7057142853736877,0,0,0.7605,0.01162266731262207
51,49,39,0,39,0,39,0.4910532534122467,0.6692307591438293,0.612794816493988,0.6692307591438293,0.6692307591438293,0,0,0.7605,0.0008072853088378906
52,41,47,0,47,0,47,0.5317251682281494,0.70851069688797,0.6308510899543762,0.70851069688797,0.70851069688797,0,0,0.7605,0.010239124298095703
53,50,49,13,36,0,49,0.516526997089386,0.6632652878761292,0.579918384552002,0.6632652878761292,0.6632652878761292,0,0,0.5655,82.3904595375061
54,43,57,17,40,0,57,0.5083220601081848,0.6964912414550781,0.6392456293106079,0.6964912414550781,0.6964912414550781,0,0,0.6625,81.0991837978363
55,52,67,30,37,0,67,0.5017046332359314,0.7194030284881592,0.6478806138038635,0.7194030284881592,0.7194030284881592,0,0,0.6655,79.23973202705383
56,51,39,0,39,0,39,0.5074180960655212,0.699999988079071,0.6365512609481812,0.699999988079071,0.699999988079071,0,0,0.6655,0.0035676956176757812
57,46,76,23,53,0,76,0.4955677092075348,0.7421053051948547,0.6591184735298157,0.7421053051948547,0.7421053051948547,0,0,0.656,76.42702031135559
58,37,46,16,30,0,46,0.5016210079193115,0.678260862827301,0.6388804316520691,0.678260862827301,0.678260862827301,0,0,0.739,83.87100195884705
59,44,57,21,36,0,57,0.510724663734436,0.7368420958518982,0.6426053047180176,0.7368420958518982,0.7368420958518982,0,0,0.6455,70.94258618354797
60,49,36,0,36,0,36,0.5076794624328613,0.638888955116272,0.6114583015441895,0.638888955116272,0.638888955116272,0,0,0.6455,0.0037217140197753906
61,51,30,2,28,0,30,0.5195525288581848,0.6800000667572021,0.6206333041191101,0.6800000667572021,0.6800000667572021,0,0,0.6455,1.7268552780151367
62,47,39,6,33,0,39,0.5130812525749207,0.7025641202926636,0.6483204960823059,0.7025641202926636,0.7025641202926636,0,0,0.7175,64.91012120246887
63,43,45,3,42,0,45,0.5006174445152283,0.7244445085525513,0.6451999545097351,0.7244445085525513,0.7244445085525513,0,0,0.835,1.84267258644104
64,52,41,0,41,0,41,0.5147124528884888,0.7170732021331787,0.6499268412590027,0.7170732021331787,0.7170732021331787,0,0,0.835,0.008173227310180664
65,42,39,0,39,0,39,0.5234538912773132,0.7435898184776306,0.6541281938552856,0.7435898184776306,0.7435898184776306,0,0,0.835,0.0022268295288085938
66,50,32,0,32,0,32,0.4802289307117462,0.6968750357627869,0.6200156807899475,0.6968750357627869,0.6968750357627869,0,0,0.835,0.002497434616088867
67,41,35,4,31,0,35,0.5269591212272644,0.6714285612106323,0.6398571729660034,0.6714285612106323,0.6714285612106323,0,0,0.632,69.89114165306091
68,41,45,3,42,0,45,0.5260117650032043,0.7133333683013916,0.6468222737312317,0.7133333683013916,0.7133333683013916,0,0,0.8105,1.6822197437286377
69,47,54,9,45,0,54,0.4923180937767029,0.7629629969596863,0.6763148307800293,0.7629629969596863,0.7629629969596863,0,0,0.7135,75.32655572891235
70,34,41,0,41,0,41,0.48909586668014526,0.79756098985672,0.7198659181594849,0.79756098985672,0.79756098985672,0,0,0.7135,0.008691787719726562
71,49,56,19,37,0,56,0.519393265247345,0.7857142090797424,0.6937322020530701,0.7857142090797424,0.7857142090797424,0,0,0.8115,87.15177059173584
72,43,30,2,28,0,30,0.500098705291748,0.8033332824707031,0.7153332829475403,0.8033332824707031,0.8033332824707031,0,0,0.822,1.244537353515625
73,46,35,1,34,0,35,0.46946901082992554,0.7742857933044434,0.7061571478843689,0.7742857933044434,0.7742857933044434,0,0,0.702,0.5873100757598877
74,50,56,19,37,0,56,0.5064040422439575,0.7785714864730835,0.727687418460846,0.7785714864730835,0.7785714864730835,0,0,0.8375,85.50584316253662
75,44,53,24,29,0,53,0.4979412257671356,0.7886792421340942,0.7183772921562195,0.7886792421340942,0.7886792421340942,0,0,0.8115,85.90069437026978
76,45,55,11,44,0,55,0.510057270526886,0.8109090924263,0.7128728032112122,0.8109090924263,0.8109090924263,0,0,0.833,71.07763004302979
77,49,37,4,33,0,37,0.4988025426864624,0.7729730010032654,0.697905421257019,0.7729730010032654,0.7729730010032654,0,0,0.8375,81.68693494796753
78,47,56,14,42,0,56,0.47268062829971313,0.8196429014205933,0.7217053771018982,0.8196429014205933,0.8196429014205933,0,0,0.855,87.05089616775513
79,40,46,10,36,0,46,0.47044360637664795,0.7869564294815063,0.7025434970855713,0.7869564294815063,0.7869564294815063,0,0,0.7585,80.47534036636353
80,37,35,0,35,0,35,0.47853338718414307,0.8142856955528259,0.6866427659988403,0.8142856955528259,0.8142856955528259,0,0,0.7585,0.0019659996032714844
81,39,55,11,44,0,55,0.4972267746925354,0.8236363530158997,0.7337818741798401,0.8236363530158997,0.8236363530158997,0,0,0.8565,87.36177635192871
82,44,40,0,40,0,40,0.5002136826515198,0.7899999618530273,0.6972750425338745,0.7899999618530273,0.7899999618530273,0,0,0.8565,0.009135007858276367
83,40,49,18,31,0,49,0.49636051058769226,0.8285714983940125,0.7397551536560059,0.8285714983940125,0.8285714983940125,0,0,0.854,84.40895056724548
84,50,41,8,33,0,41,0.49871110916137695,0.8024390339851379,0.7165488004684448,0.8024390339851379,0.8024390339851379,0,0,0.8245,68.17372274398804
85,48,35,0,35,0,35,0.48084890842437744,0.794285774230957,0.7430000305175781,0.794285774230957,0.794285774230957,0,0,0.8245,0.0064084529876708984
86,49,30,0,30,0,30,0.5120659470558167,0.7733332514762878,0.7147833108901978,0.7733332514762878,0.7733332514762878,0,0,0.8245,0.00748753547668457
87,44,44,4,40,0,44,0.5090542435646057,0.8545454144477844,0.7429773211479187,0.8545454144477844,0.8545454144477844,0,0,0.8205,93.84641361236572
88,49,34,0,34,0,34,0.5036298632621765,0.7941176295280457,0.736838161945343,0.7941176295280457,0.7941176295280457,0,0,0.8205,0.0051877498626708984
89,36,40,0,40,0,40,0.4987509250640869,0.8324999809265137,0.7527374625205994,0.8324999809265137,0.8324999809265137,0,0,0.8205,0.013165950775146484
90,44,37,0,37,0,37,0.48583921790122986,0.8108106851577759,0.7291756868362427,0.8108106851577759,0.8108106851577759,0,0,0.8205,0.001712799072265625
91,46,50,17,33,0,50,0.4824907183647156,0.8579999804496765,0.7650800347328186,0.8579999804496765,0.8579999804496765,0,0,0.8565,88.51925992965698
92,50,56,18,38,0,56,0.49092403054237366,0.8392857313156128,0.76433926820755,0.8392857313156128,0.8392857313156128,0,0,0.8405,86.11677813529968
93,38,45,1,44,0,45,0.4865923225879669,0.8133333921432495,0.7578555345535278,0.8133333921432495,0.8133333921432495,0,0,0.852,0.26183271408081055
94,45,69,24,45,0,69,0.4986479878425598,0.8463767170906067,0.7504275441169739,0.8463767170906067,0.8463767170906067,0,0,0.852,87.7582700252533
95,52,46,16,30,0,46,0.47592693567276,0.8347826600074768,0.7520435452461243,0.8347826600074768,0.8347826600074768,0,0,0.844,90.66320562362671
96,55,35,0,35,0,35,0.4786071181297302,0.8685715198516846,0.7459428906440735,0.8685715198516846,0.8685715198516846,0,0,0.844,0.003099203109741211
97,37,42,0,42,0,42,0.5151185989379883,0.8404761552810669,0.7583452463150024,0.8404761552810669,0.8404761552810669,0,0,0.844,0.017902135848999023
98,42,39,0,39,0,39,0.47510606050491333,0.8384614586830139,0.7563461661338806,0.8384614586830139,0.8384614586830139,0,0,0.844,0.008863687515258789
99,42,34,3,31,0,34,0.4882545471191406,0.8352941274642944,0.7566764950752258,0.8352941274642944,0.8352941274642944,0,0,0.8365,1.0515861511230469
