round,n_client_req,n_new_updates,n_ontime_updates,n_delayed_updates,n_malicious_updates,n_benign_updates,client_avg_loss_avg,client_train_acc_avg,client_test_acc_avg,benign_client_train_acc_avg,benign_client_test_acc_avg,malicious_client_train_acc_avg,malicious_client_test_acc_avg,accuracy_score,aggregator_time
0,100,36,36,0,0,36,0.691129207611084,0.4768518805503845,0.46335697174072266,0.4768518805503845,0.4768518805503845,0,0,0.46335697399527187,2.0924012660980225
1,93,59,53,6,0,59,0.6890223622322083,0.4830508232116699,0.46335700154304504,0.4830508232116699,0.4830508232116699,0,0,0.46335697399527187,2.7250895500183105
2,91,32,29,3,0,32,0.689317524433136,0.46875,0.46335697174072266,0.46875,0.46875,0,0,0.46335697399527187,3.0699615478515625
3,87,46,38,8,0,46,0.6870243549346924,0.4692029058933258,0.46335694193840027,0.4692029058933258,0.4692029058933258,0,0,0.46335697399527187,2.120035171508789
4,82,55,48,7,0,55,0.6879998445510864,0.4469697177410126,0.46335694193840027,0.4469697177410126,0.4469697177410126,0,0,0.46335697399527187,2.803833246231079
5,77,59,50,9,0,59,0.6853839159011841,0.4788135588169098,0.46335700154304504,0.4788135588169098,0.4788135588169098,0,0,0.46335697399527187,3.4423112869262695
6,76,24,17,7,0,24,0.6841070055961609,0.472222238779068,0.46335697174072266,0.472222238779068,0.472222238779068,0,0,0.46335697399527187,1.0760993957519531
7,72,53,37,16,0,53,0.6863030195236206,0.4496855139732361,0.46335700154304504,0.4496855139732361,0.4496855139732361,0,0,0.46335697399527187,1.9433283805847168
8,61,54,36,18,0,54,0.6838608384132385,0.4753086566925049,0.46335697174072266,0.4753086566925049,0.4753086566925049,0,0,0.46335697399527187,2.6381967067718506
9,72,39,27,12,0,39,0.6826764941215515,0.48076921701431274,0.46335700154304504,0.48076921701431274,0.48076921701431274,0,0,0.46335697399527187,2.3321473598480225
10,72,58,46,12,0,58,0.6816272139549255,0.4813218414783478,0.46335700154304504,0.4813218414783478,0.4813218414783478,0,0,0.46335697399527187,3.83689546585083
11,68,35,16,19,0,35,0.682051956653595,0.49761903285980225,0.46335700154304504,0.49761903285980225,0.49761903285980225,0,0,0.46335697399527187,1.908647060394287
12,66,35,20,15,0,35,0.6835218071937561,0.476190447807312,0.46335700154304504,0.476190447807312,0.476190447807312,0,0,0.46335697399527187,2.558218240737915
13,55,25,5,20,0,25,0.6837858557701111,0.4866666793823242,0.46335697174072266,0.4866666793823242,0.4866666793823242,0,0,0.46335697399527187,2.440781593322754
14,50,27,6,21,0,27,0.6860551238059998,0.4475308656692505,0.46335697174072266,0.4475308656692505,0.4475308656692505,0,0,0.46335697399527187,1.6376886367797852
15,58,40,20,20,0,40,0.6856561899185181,0.4520832896232605,0.46335697174072266,0.4520832896232605,0.4520832896232605,0,0,0.46335697399527187,3.275707483291626
16,50,17,5,12,0,17,0.6823757290840149,0.5147058963775635,0.46335697174072266,0.5147058963775635,0.5147058963775635,0,0,0.46335697399527187,1.1749305725097656
17,57,25,0,25,0,25,0.6850356459617615,0.46666666865348816,0.46335697174072266,0.46666666865348816,0.46666666865348816,0,0,0.46335697399527187,1.789879560470581
18,42,22,0,22,0,22,0.6845034956932068,0.4696969985961914,0.46335697174072266,0.4696969985961914,0.4696969985961914,0,0,0.46335697399527187,2.579002857208252
19,37,49,17,32,0,49,0.6846420168876648,0.4608843922615051,0.46335694193840027,0.4608843922615051,0.4608843922615051,0,0,0.46335697399527187,3.68692684173584
20,44,34,0,34,0,34,0.685782790184021,0.480392187833786,0.46335697174072266,0.480392187833786,0.480392187833786,0,0,0.46335697399527187,3.6577308177948
21,40,48,19,29,0,48,0.6840389370918274,0.4791666567325592,0.46335697174072266,0.4791666567325592,0.4791666567325592,0,0,0.46335697399527187,2.5267226696014404
22,35,30,0,30,0,30,0.6854198575019836,0.45277777314186096,0.46335697174072266,0.45277777314186096,0.45277777314186096,0,0,0.46335697399527187,1.5702500343322754
23,41,24,0,24,0,24,0.6828150153160095,0.5,0.46335697174072266,0.5,0.5,0,0,0.46335697399527187,1.1461951732635498
24,42,35,0,35,0,35,0.6862629055976868,0.4523809850215912,0.46335700154304504,0.4523809850215912,0.4523809850215912,0,0,0.46335697399527187,1.795799970626831
25,38,31,0,31,0,31,0.6819437146186829,0.5107527375221252,0.46335697174072266,0.5107527375221252,0.5107527375221252,0,0,0.46335697399527187,2.6502857208251953
26,36,37,2,35,0,37,0.6832779049873352,0.4842342734336853,0.46335694193840027,0.4842342734336853,0.4842342734336853,0,0,0.46335697399527187,2.5952534675598145
27,35,47,4,43,0,47,0.67977374792099,0.5195035934448242,0.4633569121360779,0.5195035934448242,0.5195035934448242,0,0,0.46335697399527187,2.314357280731201
28,38,39,0,39,0,39,0.6849201321601868,0.46581199765205383,0.46335700154304504,0.46581199765205383,0.46581199765205383,0,0,0.46335697399527187,2.3013503551483154
29,43,30,0,30,0,30,0.682671308517456,0.4861111044883728,0.46335697174072266,0.4861111044883728,0.4861111044883728,0,0,0.46335697399527187,2.4499874114990234
30,35,45,0,45,0,45,0.6814848780632019,0.5037037134170532,0.46335694193840027,0.5037037134170532,0.5037037134170532,0,0,0.46335697399527187,2.673461437225342
31,32,38,0,38,0,38,0.6859720945358276,0.44298243522644043,0.46335697174072266,0.44298243522644043,0.44298243522644043,0,0,0.46335697399527187,1.7996480464935303
32,43,56,3,53,0,56,0.6837511658668518,0.464285671710968,0.46335703134536743,0.464285671710968,0.464285671710968,0,0,0.46335697399527187,4.4917075634002686
33,42,40,0,40,0,40,0.6833562850952148,0.46041664481163025,0.46335697174072266,0.46041664481163025,0.46041664481163025,0,0,0.46335697399527187,2.6696090698242188
34,43,43,10,33,0,43,0.6840671300888062,0.45155036449432373,0.46335700154304504,0.45155036449432373,0.45155036449432373,0,0,0.46335697399527187,1.9180982112884521
35,44,52,17,35,0,52,0.6814156770706177,0.47435900568962097,0.46335697174072266,0.47435900568962097,0.47435900568962097,0,0,0.46335697399527187,3.7451093196868896
36,34,35,0,35,0,35,0.6825775504112244,0.46190473437309265,0.46335700154304504,0.46190473437309265,0.46190473437309265,0,0,0.46335697399527187,2.9532735347747803
37,47,40,0,40,0,40,0.6815235614776611,0.4895833432674408,0.46335697174072266,0.4895833432674408,0.4895833432674408,0,0,0.46335697399527187,2.9768571853637695
38,46,42,0,42,0,42,0.6824852824211121,0.472222238779068,0.4633569121360779,0.472222238779068,0.472222238779068,0,0,0.46335697399527187,1.956352710723877
39,42,56,13,43,0,56,0.6823545098304749,0.455357164144516,0.46335703134536743,0.455357164144516,0.455357164144516,0,0,0.46335697399527187,4.470216989517212
40,49,51,0,51,0,51,0.6817256808280945,0.47549018263816833,0.46335700154304504,0.47549018263816833,0.47549018263816833,0,0,0.46335697399527187,3.993410587310791
41,37,56,10,46,0,56,0.6812426447868347,0.4806548058986664,0.46335703134536743,0.4806548058986664,0.4806548058986664,0,0,0.46335697399527187,2.672023296356201
42,48,65,25,40,0,65,0.6792462468147278,0.5,0.46335697174072266,0.5,0.5,0,0,0.46335697399527187,3.1680245399475098
43,41,28,0,28,0,28,0.6856771111488342,0.425595223903656,0.46335697174072266,0.425595223903656,0.425595223903656,0,0,0.46335697399527187,2.2247822284698486
44,44,43,8,35,0,43,0.6843789219856262,0.43410855531692505,0.46335700154304504,0.43410855531692505,0.43410855531692505,0,0,0.46335697399527187,2.3351287841796875
45,42,55,0,55,0,55,0.6832749843597412,0.45151516795158386,0.46335694193840027,0.45151516795158386,0.45151516795158386,0,0,0.46335697399527187,3.38140606880188
46,50,56,22,34,0,56,0.6810728311538696,0.4761904776096344,0.46335703134536743,0.4761904776096344,0.4761904776096344,0,0,0.46335697399527187,2.936922073364258
47,51,63,20,43,0,63,0.6810861229896545,0.47089946269989014,0.4633570611476898,0.47089946269989014,0.47089946269989014,0,0,0.46335697399527187,2.593478202819824
48,54,34,0,34,0,34,0.6848204135894775,0.43382352590560913,0.46335697174072266,0.43382352590560913,0.43382352590560913,0,0,0.46335697399527187,1.5600166320800781
49,40,42,8,34,0,42,0.6802541017532349,0.4821428656578064,0.4633569121360779,0.4821428656578064,0.4821428656578064,0,0,0.46335697399527187,3.1694893836975098
50,48,37,0,37,0,37,0.6835535764694214,0.44594594836235046,0.46335694193840027,0.44594594836235046,0.44594594836235046,0,0,0.46335697399527187,3.6984758377075195
51,46,47,6,41,0,47,0.67961585521698,0.4858156144618988,0.4633569121360779,0.4858156144618988,0.4858156144618988,0,0,0.46335697399527187,2.0758743286132812
52,43,39,0,39,0,39,0.6765115261077881,0.5320512056350708,0.46335700154304504,0.5320512056350708,0.5320512056350708,0,0,0.46335697399527187,1.261183261871338
53,45,42,13,29,0,42,0.6812241077423096,0.4682539403438568,0.4633569121360779,0.4682539403438568,0.4682539403438568,0,0,0.46335697399527187,3.3234915733337402
54,47,43,0,43,0,43,0.6801308393478394,0.47093021869659424,0.46335700154304504,0.47093021869659424,0.47093021869659424,0,0,0.46335697399527187,2.297390937805176
55,46,29,0,29,0,29,0.6794480085372925,0.48563218116760254,0.46335697174072266,0.48563218116760254,0.48563218116760254,0,0,0.46335697399527187,1.5756170749664307
56,40,34,0,34,0,34,0.6801215410232544,0.47058820724487305,0.46335697174072266,0.47058820724487305,0.47058820724487305,0,0,0.46335697399527187,2.2426838874816895
57,40,34,0,34,0,34,0.6813476085662842,0.46078431606292725,0.46335697174072266,0.46078431606292725,0.46078431606292725,0,0,0.46335697399527187,2.3962812423706055
58,41,30,0,30,0,30,0.6831912994384766,0.4444444477558136,0.46335697174072266,0.4444444477558136,0.4444444477558136,0,0,0.46335697399527187,1.70705246925354
59,44,38,3,35,0,38,0.6815584897994995,0.46052637696266174,0.46335697174072266,0.46052637696266174,0.46052637696266174,0,0,0.46335697399527187,2.0443737506866455
60,34,55,8,47,0,55,0.6788963079452515,0.4742424488067627,0.46335694193840027,0.4742424488067627,0.4742424488067627,0,0,0.46335697399527187,3.563387870788574
61,45,47,0,47,0,47,0.6801896691322327,0.4751772880554199,0.4633569121360779,0.4751772880554199,0.4751772880554199,0,0,0.46335697399527187,2.243617296218872
62,41,43,0,43,0,43,0.6811111569404602,0.461240291595459,0.46335700154304504,0.461240291595459,0.461240291595459,0,0,0.46335697399527187,2.4054667949676514
63,41,51,6,45,0,51,0.6794292330741882,0.46895426511764526,0.46335700154304504,0.46895426511764526,0.46895426511764526,0,0,0.46335697399527187,4.223855972290039
64,41,36,0,36,0,36,0.6794558167457581,0.4745370149612427,0.46335697174072266,0.4745370149612427,0.4745370149612427,0,0,0.46335697399527187,1.8236000537872314
65,38,28,0,28,0,28,0.6785071492195129,0.4910714328289032,0.46335697174072266,0.4910714328289032,0.4910714328289032,0,0,0.46335697399527187,2.0957579612731934
66,40,64,4,60,0,64,0.6802325248718262,0.453125,0.46335697174072266,0.453125,0.453125,0,0,0.46335697399527187,2.855997085571289
67,45,51,0,51,0,51,0.6800065636634827,0.46078431606292725,0.46335700154304504,0.46078431606292725,0.46078431606292725,0,0,0.46335697399527187,2.3495535850524902
68,50,42,0,42,0,42,0.6775475144386292,0.4841269850730896,0.4633569121360779,0.4841269850730896,0.4841269850730896,0,0,0.46335697399527187,1.4579987525939941
69,38,41,9,32,0,41,0.6752612590789795,0.5203251838684082,0.46335694193840027,0.5203251838684082,0.5203251838684082,0,0,0.46335697399527187,2.412044048309326
70,45,56,23,33,0,56,0.6750335693359375,0.5044642686843872,0.46335703134536743,0.5044642686843872,0.5044642686843872,0,0,0.46335697399527187,2.6059839725494385
71,50,45,13,32,0,45,0.682131826877594,0.42592594027519226,0.46335694193840027,0.42592594027519226,0.42592594027519226,0,0,0.46335697399527187,2.39019775390625
72,48,37,0,37,0,37,0.679702877998352,0.45720720291137695,0.46335694193840027,0.45720720291137695,0.45720720291137695,0,0,0.46335697399527187,1.8758130073547363
73,41,36,0,36,0,36,0.6808182597160339,0.4444444477558136,0.46335697174072266,0.4444444477558136,0.4444444477558136,0,0,0.46335697399527187,2.5656087398529053
74,46,38,0,38,0,38,0.6803216934204102,0.4429824650287628,0.46335697174072266,0.4429824650287628,0.4429824650287628,0,0,0.46335697399527187,3.2531826496124268
75,38,28,0,28,0,28,0.6818929314613342,0.4285714328289032,0.46335697174072266,0.4285714328289032,0.4285714328289032,0,0,0.46335697399527187,2.783271312713623
76,37,42,9,33,0,42,0.6807920336723328,0.4345238208770752,0.4633569121360779,0.4345238208770752,0.4345238208770752,0,0,0.46335697399527187,2.440258741378784
77,44,62,14,48,0,62,0.6764698624610901,0.4838709235191345,0.46335700154304504,0.4838709235191345,0.4838709235191345,0,0,0.46335697399527187,2.4335758686065674
78,48,41,0,41,0,41,0.674435019493103,0.5203251838684082,0.46335694193840027,0.5203251838684082,0.5203251838684082,0,0,0.46335697399527187,1.768141269683838
79,37,37,0,37,0,37,0.6790334582328796,0.4594593942165375,0.46335694193840027,0.4594593942165375,0.4594593942165375,0,0,0.46335697399527187,2.1781415939331055
80,53,38,0,38,0,38,0.6788428425788879,0.4583333730697632,0.46335697174072266,0.4583333730697632,0.4583333730697632,0,0,0.46335697399527187,1.9463355541229248
81,35,36,0,36,0,36,0.6775136590003967,0.4722222089767456,0.46335697174072266,0.4722222089767456,0.4722222089767456,0,0,0.46335697399527187,2.364330768585205
82,42,44,0,44,0,44,0.6780312061309814,0.4678030014038086,0.46335697174072266,0.4678030014038086,0.4678030014038086,0,0,0.46335697399527187,2.2564053535461426
83,49,42,7,35,0,42,0.6771643757820129,0.4761904776096344,0.4633569121360779,0.4761904776096344,0.4761904776096344,0,0,0.46335697399527187,2.17083477973938
84,44,32,0,32,0,32,0.6752211451530457,0.4921875,0.46335697174072266,0.4921875,0.4921875,0,0,0.46335697399527187,2.089280843734741
85,44,34,0,34,0,34,0.6784930229187012,0.45098042488098145,0.46335697174072266,0.45098042488098145,0.45098042488098145,0,0,0.46335697399527187,1.6437294483184814
86,43,71,20,51,0,71,0.6759443879127502,0.48004698753356934,0.46335697174072266,0.48004698753356934,0.48004698753356934,0,0,0.46335697399527187,4.608783721923828
87,42,53,8,45,0,53,0.6778242588043213,0.455974817276001,0.46335700154304504,0.455974817276001,0.455974817276001,0,0,0.46335697399527187,3.4007954597473145
88,39,67,16,51,0,67,0.6756178736686707,0.4838308095932007,0.46335697174072266,0.4838308095932007,0.4838308095932007,0,0,0.46335697399527187,3.1762917041778564
89,43,40,11,29,0,40,0.6770570874214172,0.4624999463558197,0.46335697174072266,0.4624999463558197,0.4624999463558197,0,0,0.46335697399527187,2.9488933086395264
90,51,49,11,38,0,49,0.6768297553062439,0.4693877696990967,0.46335694193840027,0.4693877696990967,0.4693877696990967,0,0,0.46335697399527187,3.108253002166748
91,47,47,21,26,0,47,0.677781879901886,0.4503546357154846,0.4633569121360779,0.4503546357154846,0.4503546357154846,0,0,0.46335697399527187,2.8118059635162354
92,49,43,8,35,0,43,0.6726848483085632,0.5135658979415894,0.46335700154304504,0.5135658979415894,0.5135658979415894,0,0,0.46335697399527187,3.011042594909668
93,42,39,0,39,0,39,0.6780065298080444,0.4465811848640442,0.46335700154304504,0.4465811848640442,0.4465811848640442,0,0,0.46335697399527187,2.4710357189178467
94,47,38,0,38,0,38,0.6732818484306335,0.5021929740905762,0.46335697174072266,0.5021929740905762,0.5021929740905762,0,0,0.46335697399527187,2.8401613235473633
95,37,38,2,36,0,38,0.6751266121864319,0.48245614767074585,0.46335697174072266,0.48245614767074585,0.48245614767074585,0,0,0.46335697399527187,1.858947515487671
96,48,37,0,37,0,37,0.6790843605995178,0.4256756901741028,0.46335694193840027,0.4256756901741028,0.4256756901741028,0,0,0.46335697399527187,1.0629680156707764
97,41,34,0,34,0,34,0.6775040626525879,0.4583333432674408,0.46335697174072266,0.4583333432674408,0.4583333432674408,0,0,0.46335697399527187,1.5558936595916748
98,52,66,20,46,0,66,0.6760053038597107,0.45328283309936523,0.46335697174072266,0.45328283309936523,0.45328283309936523,0,0,0.46335697399527187,3.05857253074646
99,43,59,19,40,0,59,0.6759300231933594,0.45621466636657715,0.46335700154304504,0.45621466636657715,0.45621466636657715,0,0,0.46335697399527187,2.2090156078338623
