round,n_client_req,n_new_updates,n_ontime_updates,n_delayed_updates,n_malicious_updates,n_benign_updates,client_avg_loss_avg,client_train_acc_avg,client_test_acc_avg,benign_client_train_acc_avg,benign_client_test_acc_avg,malicious_client_train_acc_avg,malicious_client_test_acc_avg,accuracy_score,aggregator_time
0,100,36,36,0,0,36,0.6662628650665283,0.6194444298744202,0.5071805119514465,0.6194444298744202,0.6194444298744202,0,0,0.5,7.1001434326171875
1,96,45,39,6,0,45,0.6415221691131592,0.6866666674613953,0.5132555365562439,0.6866666674613953,0.6866666674613953,0,0,0.553,6.49911904335022
2,93,72,69,3,0,72,0.6102278232574463,0.7027778029441833,0.5322499871253967,0.7027778029441833,0.7027778029441833,0,0,0.5225,11.023533821105957
3,87,41,37,4,0,41,0.5904505848884583,0.6512195467948914,0.5167195200920105,0.6512195467948914,0.6512195467948914,0,0,0.5,8.132216453552246
4,87,69,62,7,0,69,0.5925633907318115,0.6898550391197205,0.555905818939209,0.6898550391197205,0.6898550391197205,0,0,0.5175,9.469762086868286
5,82,35,27,8,0,35,0.5610567927360535,0.6571429371833801,0.5404428243637085,0.6571429371833801,0.6571429371833801,0,0,0.53,7.897421360015869
6,73,17,8,9,0,17,0.5567152500152588,0.5941176414489746,0.5461764335632324,0.5941176414489746,0.5941176414489746,0,0,0.5,5.626649856567383
7,74,34,26,8,0,34,0.551878035068512,0.6823529005050659,0.5707941055297852,0.6823529005050659,0.6823529005050659,0,0,0.628,5.789973497390747
8,62,15,9,6,0,15,0.5579950213432312,0.54666668176651,0.5111666321754456,0.54666668176651,0.54666668176651,0,0,0.5075,3.7949109077453613
9,61,34,22,12,0,34,0.5135142803192139,0.6500000357627869,0.5732647180557251,0.6500000357627869,0.6500000357627869,0,0,0.5405,6.804975748062134
10,57,32,16,16,0,32,0.5393592715263367,0.65625,0.5815625190734863,0.65625,0.65625,0,0,0.559,6.419878005981445
11,58,12,0,12,0,12,0.5250400304794312,0.6166666150093079,0.5356667041778564,0.6166666150093079,0.6166666150093079,0,0,0.559,0.0018744468688964844
12,56,15,3,12,0,15,0.532642662525177,0.6866666674613953,0.5522667169570923,0.6866666674613953,0.6866666674613953,0,0,0.5315,2.1738686561584473
13,54,26,0,26,0,26,0.5601464509963989,0.6615384817123413,0.5383269190788269,0.6615384817123413,0.6615384817123413,0,0,0.5315,0.0018720626831054688
14,38,28,2,26,0,28,0.5262388586997986,0.6714286208152771,0.5590893030166626,0.6714286208152771,0.6714286208152771,0,0,0.5615,0.23476195335388184
15,44,25,0,25,0,25,0.5519660115242004,0.7080000042915344,0.5769400596618652,0.7080000042915344,0.7080000042915344,0,0,0.5615,0.0030324459075927734
16,43,49,19,30,0,49,0.5243498086929321,0.7408162951469421,0.6162551045417786,0.7408162951469421,0.7408162951469421,0,0,0.833,5.775076866149902
17,37,23,0,23,0,23,0.5242251753807068,0.6739130616188049,0.5899347066879272,0.6739130616188049,0.6739130616188049,0,0,0.833,0.0011570453643798828
18,47,49,17,32,0,49,0.522644579410553,0.6734693646430969,0.6103062033653259,0.6734693646430969,0.6734693646430969,0,0,0.666,7.0705790519714355
19,40,20,0,20,0,20,0.5735157132148743,0.6200000047683716,0.5494749546051025,0.6200000047683716,0.6200000047683716,0,0,0.666,0.0016591548919677734
20,39,33,0,33,0,33,0.5434959530830383,0.678787887096405,0.5913635492324829,0.678787887096405,0.678787887096405,0,0,0.666,0.0016109943389892578
21,44,36,0,36,0,36,0.519548237323761,0.7055555582046509,0.5903193950653076,0.7055555582046509,0.7055555582046509,0,0,0.666,0.0038292407989501953
22,22,25,0,25,0,25,0.5448672771453857,0.6399999856948853,0.5645399689674377,0.6399999856948853,0.6399999856948853,0,0,0.666,0.0005555152893066406
23,41,59,19,40,0,59,0.5072374939918518,0.7067796587944031,0.6370000243186951,0.7067796587944031,0.7067796587944031,0,0,0.706,6.8238043785095215
24,41,44,0,44,0,44,0.5420805811882019,0.7090909481048584,0.6067613959312439,0.7090909481048584,0.7090909481048584,0,0,0.706,0.0022110939025878906
25,42,62,20,42,0,62,0.5105569958686829,0.6903225779533386,0.6062096357345581,0.6903225779533386,0.6903225779533386,0,0,0.6005,8.073454856872559
26,35,33,0,33,0,33,0.5355697274208069,0.6606060266494751,0.5668636560440063,0.6606060266494751,0.6606060266494751,0,0,0.6005,0.004454612731933594
27,43,30,0,30,0,30,0.5193660259246826,0.7433333992958069,0.6380500197410583,0.7433333992958069,0.7433333992958069,0,0,0.6005,0.0018582344055175781
28,37,46,0,46,0,46,0.5267195105552673,0.7326087355613708,0.6264674067497253,0.7326087355613708,0.7326087355613708,0,0,0.6005,0.0014641284942626953
29,38,34,0,34,0,34,0.5285106897354126,0.7147058844566345,0.6352058053016663,0.7147058844566345,0.7147058844566345,0,0,0.6005,0.0029249191284179688
30,38,39,0,39,0,39,0.5367932915687561,0.687179446220398,0.6199743747711182,0.687179446220398,0.687179446220398,0,0,0.6005,0.001863718032836914
31,36,63,13,50,0,63,0.5097712874412537,0.7285714745521545,0.6399999856948853,0.7285714745521545,0.7285714745521545,0,0,0.8335,5.344452619552612
32,49,41,0,41,0,41,0.5312944054603577,0.7243902087211609,0.6338170766830444,0.7243902087211609,0.7243902087211609,0,0,0.8335,0.002171039581298828
33,45,36,0,36,0,36,0.5157400965690613,0.7222222089767456,0.6366250514984131,0.7222222089767456,0.7222222089767456,0,0,0.8335,0.0019991397857666016
34,44,39,0,39,0,39,0.4864179790019989,0.7974358797073364,0.6796538829803467,0.7974358797073364,0.7974358797073364,0,0,0.8335,0.0016543865203857422
35,42,55,16,39,0,55,0.5065764784812927,0.7690909504890442,0.6800636053085327,0.7690909504890442,0.7690909504890442,0,0,0.674,6.368772268295288
36,48,60,19,41,0,60,0.48856136202812195,0.7699999213218689,0.6920916438102722,0.7699999213218689,0.7699999213218689,0,0,0.703,5.466818571090698
37,45,44,0,44,0,44,0.4760296046733856,0.7545454502105713,0.6653863191604614,0.7545454502105713,0.7545454502105713,0,0,0.703,0.0019545555114746094
38,31,49,11,38,0,49,0.4614872336387634,0.7918367981910706,0.6701021194458008,0.7918367981910706,0.7918367981910706,0,0,0.6955,6.308141469955444
39,47,46,0,46,0,46,0.4932275712490082,0.7630435228347778,0.6945760846138,0.7630435228347778,0.7630435228347778,0,0,0.6955,0.0022513866424560547
40,44,31,0,31,0,31,0.4990338087081909,0.7258064150810242,0.6891129016876221,0.7258064150810242,0.7258064150810242,0,0,0.6955,0.002218484878540039
41,49,43,12,31,0,43,0.485201895236969,0.8139534592628479,0.7098023891448975,0.8139534592628479,0.8139534592628479,0,0,0.7,5.971455097198486
42,38,39,0,39,0,39,0.49837157130241394,0.7846153378486633,0.6862179636955261,0.7846153378486633,0.7846153378486633,0,0,0.7,0.0020880699157714844
43,40,36,0,36,0,36,0.4645574390888214,0.8527777791023254,0.7156111598014832,0.8527777791023254,0.8527777791023254,0,0,0.7,0.0018763542175292969
44,42,49,1,48,0,49,0.49525347352027893,0.7877550721168518,0.7167959213256836,0.7877550721168518,0.7877550721168518,0,0,0.5705,0.20634722709655762
45,49,33,0,33,0,33,0.4882532060146332,0.7848484516143799,0.6876969933509827,0.7848484516143799,0.7848484516143799,0,0,0.5705,0.0025844573974609375
46,46,33,6,27,0,33,0.501014769077301,0.8181818127632141,0.6965150833129883,0.8181818127632141,0.8181818127632141,0,0,0.837,5.172923564910889
47,40,59,20,39,0,59,0.49444320797920227,0.8220338821411133,0.7307118773460388,0.8220338821411133,0.8220338821411133,0,0,0.7265,5.715696096420288
48,43,51,16,35,0,51,0.4655155539512634,0.8784313797950745,0.7484706044197083,0.8784313797950745,0.8784313797950745,0,0,0.742,5.947681427001953
49,47,53,16,37,0,53,0.4799670875072479,0.8245283961296082,0.7168301343917847,0.8245283961296082,0.8245283961296082,0,0,0.7845,5.210823059082031
50,49,52,16,36,0,52,0.47163817286491394,0.8711538910865784,0.7647307515144348,0.8711538910865784,0.8711538910865784,0,0,0.816,5.73012113571167
51,39,42,0,42,0,42,0.49147433042526245,0.8428571820259094,0.7255476713180542,0.8428571820259094,0.8428571820259094,0,0,0.816,0.002712249755859375
52,51,58,23,35,0,58,0.4759032726287842,0.848275899887085,0.7434999346733093,0.848275899887085,0.848275899887085,0,0,0.83,5.716699600219727
53,43,36,0,36,0,36,0.5009097456932068,0.8222221732139587,0.7202222347259521,0.8222221732139587,0.8222221732139587,0,0,0.83,0.0019652843475341797
54,44,44,8,36,0,44,0.45837247371673584,0.8954545855522156,0.7656477093696594,0.8954545855522156,0.8954545855522156,0,0,0.8095,5.379411935806274
55,50,49,8,41,0,49,0.4633494019508362,0.8632652759552002,0.7523061037063599,0.8632652759552002,0.8632652759552002,0,0,0.724,3.467703342437744
56,46,41,0,41,0,41,0.47345179319381714,0.8829267621040344,0.7514511942863464,0.8829267621040344,0.8829267621040344,0,0,0.724,0.001962900161743164
57,48,37,0,37,0,37,0.46109452843666077,0.870270311832428,0.7622972726821899,0.870270311832428,0.870270311832428,0,0,0.724,0.0014333724975585938
58,44,31,0,31,0,31,0.48269081115722656,0.8354838490486145,0.734435498714447,0.8354838490486145,0.8354838490486145,0,0,0.724,0.0014934539794921875
59,36,35,10,25,0,35,0.4873543977737427,0.8742856979370117,0.7751429080963135,0.8742856979370117,0.8742856979370117,0,0,0.81,4.799225807189941
60,42,43,0,43,0,43,0.4823540151119232,0.8372092843055725,0.7524302005767822,0.8372092843055725,0.8372092843055725,0,0,0.81,0.0013153553009033203
61,44,27,0,27,0,27,0.47248974442481995,0.8592591881752014,0.7369629740715027,0.8592591881752014,0.8592591881752014,0,0,0.81,0.0025794506072998047
62,39,37,0,37,0,37,0.45542287826538086,0.8810811638832092,0.7596080303192139,0.8810811638832092,0.8810811638832092,0,0,0.81,0.0015902519226074219
63,47,56,9,47,0,56,0.4729328751564026,0.889285683631897,0.7812857031822205,0.889285683631897,0.889285683631897,0,0,0.85,5.238195180892944
64,46,45,16,29,0,45,0.4833841621875763,0.8799999952316284,0.7633889317512512,0.8799999952316284,0.8799999952316284,0,0,0.8565,4.271454572677612
65,42,56,0,56,0,56,0.4636355936527252,0.8946428894996643,0.777999997138977,0.8946428894996643,0.8946428894996643,0,0,0.8565,0.00247955322265625
66,44,39,0,39,0,39,0.49666547775268555,0.8769230246543884,0.7757564187049866,0.8769230246543884,0.8769230246543884,0,0,0.8565,0.0028727054595947266
67,41,37,0,37,0,37,0.4656076729297638,0.9027027487754822,0.7751215696334839,0.9027027487754822,0.9027027487754822,0,0,0.8565,0.0017859935760498047
68,44,44,0,44,0,44,0.46268758177757263,0.8704545497894287,0.7727499604225159,0.8704545497894287,0.8704545497894287,0,0,0.8565,0.0020034313201904297
69,41,52,11,41,0,52,0.46475428342819214,0.9173077344894409,0.7838172912597656,0.9173077344894409,0.9173077344894409,0,0,0.849,5.494056224822998
70,51,67,30,37,0,67,0.4729123115539551,0.8746268153190613,0.7780297994613647,0.8746268153190613,0.8746268153190613,0,0,0.8445,6.795047283172607
71,42,50,15,35,0,50,0.4670880436897278,0.8820000290870667,0.7845500707626343,0.8820000290870667,0.8820000290870667,0,0,0.8565,4.1988654136657715
72,45,51,16,35,0,51,0.4969154894351959,0.8705882430076599,0.7849411964416504,0.8705882430076599,0.8705882430076599,0,0,0.8135,4.717758417129517
73,52,64,25,39,0,64,0.46389663219451904,0.8843750357627869,0.7712187767028809,0.8843750357627869,0.8843750357627869,0,0,0.8145,4.800830364227295
74,47,45,10,35,0,45,0.4671339690685272,0.8911111354827881,0.7986777424812317,0.8911111354827881,0.8911111354827881,0,0,0.84,5.2777276039123535
75,41,46,1,45,0,46,0.46497130393981934,0.8869565725326538,0.7693695425987244,0.8869565725326538,0.8869565725326538,0,0,0.7925,0.21949028968811035
76,49,34,0,34,0,34,0.45318248867988586,0.8970587849617004,0.7958676218986511,0.8970587849617004,0.8970587849617004,0,0,0.7925,0.0018661022186279297
77,39,38,4,34,0,38,0.45872849225997925,0.8842105865478516,0.7818948030471802,0.8842105865478516,0.8842105865478516,0,0,0.84,4.967762231826782
78,51,48,12,36,0,48,0.45370176434516907,0.9083333611488342,0.7981145977973938,0.9083333611488342,0.9083333611488342,0,0,0.788,3.144918441772461
79,35,45,0,45,0,45,0.47664353251457214,0.8733333945274353,0.7798666954040527,0.8733333945274353,0.8733333945274353,0,0,0.788,0.0014491081237792969
80,46,45,11,34,0,45,0.46866166591644287,0.8755555748939514,0.78739994764328,0.8755555748939514,0.8755555748939514,0,0,0.84,3.245112419128418
81,48,47,0,47,0,47,0.4623003304004669,0.8936170339584351,0.7825319170951843,0.8936170339584351,0.8936170339584351,0,0,0.84,0.0048923492431640625
82,45,53,21,32,0,53,0.4533439576625824,0.9056604504585266,0.779952883720398,0.9056604504585266,0.9056604504585266,0,0,0.8515,4.625159502029419
83,47,32,0,32,0,32,0.4239721894264221,0.9312499165534973,0.8025625348091125,0.9312499165534973,0.9312499165534973,0,0,0.8515,0.0018787384033203125
84,47,55,20,35,0,55,0.4719105660915375,0.8709090948104858,0.7867181897163391,0.8709090948104858,0.8709090948104858,0,0,0.825,5.399060487747192
85,45,28,0,28,0,28,0.4392522871494293,0.9035714268684387,0.7707321047782898,0.9035714268684387,0.9035714268684387,0,0,0.825,0.0020923614501953125
86,45,41,0,41,0,41,0.4475618600845337,0.8975609540939331,0.7869877815246582,0.8975609540939331,0.8975609540939331,0,0,0.825,0.0055561065673828125
87,40,39,7,32,0,39,0.4366438388824463,0.9076923727989197,0.7867435812950134,0.9076923727989197,0.9076923727989197,0,0,0.8435,3.2781307697296143
88,42,36,0,36,0,36,0.45980650186538696,0.8972222208976746,0.7852500081062317,0.8972222208976746,0.8972222208976746,0,0,0.8435,0.0017895698547363281
89,44,43,16,27,0,43,0.464156836271286,0.8813952207565308,0.7908604741096497,0.8813952207565308,0.8813952207565308,0,0,0.8135,5.1211256980896
90,42,31,0,31,0,31,0.4655759036540985,0.8999999761581421,0.7843871712684631,0.8999999761581421,0.8999999761581421,0,0,0.8135,0.0018548965454101562
91,50,42,0,42,0,42,0.46091097593307495,0.9047619104385376,0.7848333716392517,0.9047619104385376,0.9047619104385376,0,0,0.8135,0.0017838478088378906
92,36,47,12,35,0,47,0.4656863808631897,0.8723404407501221,0.7790212631225586,0.8723404407501221,0.8723404407501221,0,0,0.7735,4.110829591751099
93,42,74,22,52,0,74,0.4588410556316376,0.897297203540802,0.7950000166893005,0.897297203540802,0.897297203540802,0,0,0.843,4.286141633987427
94,49,34,0,34,0,34,0.4421365559101105,0.908823549747467,0.8065735101699829,0.908823549747467,0.908823549747467,0,0,0.843,0.009032726287841797
95,44,50,13,37,0,50,0.4719114303588867,0.8839999437332153,0.7787799835205078,0.8839999437332153,0.8839999437332153,0,0,0.798,3.273535966873169
96,38,38,0,38,0,38,0.4653043746948242,0.8684210777282715,0.7911579012870789,0.8684210777282715,0.8684210777282715,0,0,0.798,0.002164125442504883
97,43,35,0,35,0,35,0.4546811580657959,0.8600000143051147,0.7846143245697021,0.8600000143051147,0.8600000143051147,0,0,0.798,0.0006060600280761719
98,42,51,18,33,0,51,0.4986841678619385,0.8764705061912537,0.8013824224472046,0.8764705061912537,0.8764705061912537,0,0,0.842,6.27120566368103
99,51,47,6,41,0,47,0.4751383066177368,0.8787234425544739,0.7987127900123596,0.8787234425544739,0.8787234425544739,0,0,0.793,4.853782415390015
