round,n_client_req,n_new_updates,n_ontime_updates,n_delayed_updates,n_malicious_updates,n_benign_updates,client_avg_loss_avg,client_train_acc_avg,client_test_acc_avg,benign_client_train_acc_avg,benign_client_test_acc_avg,malicious_client_train_acc_avg,malicious_client_test_acc_avg,accuracy_score,aggregator_time
0,100,36,36,0,0,36,0.6899540424346924,0.4768518805503845,0.46335697174072266,0.4768518805503845,0.4768518805503845,0,0,0.46335697399527187,17.83858585357666
1,93,58,52,6,0,58,0.6870981454849243,0.47126439213752747,0.46335700154304504,0.47126439213752747,0.47126439213752747,0,0,0.46335697399527187,19.952702283859253
2,91,32,29,3,0,32,0.6857180595397949,0.4583333134651184,0.46335697174072266,0.4583333134651184,0.4583333134651184,0,0,0.46335697399527187,17.637199640274048
3,86,23,20,3,0,23,0.6799476146697998,0.48550722002983093,0.46335697174072266,0.48550722002983093,0.48550722002983093,0,0,0.46335697399527187,19.69823408126831
4,84,54,43,11,0,54,0.6783952116966248,0.4830247163772583,0.46335697174072266,0.4830247163772583,0.4830247163772583,0,0,0.46335697399527187,20.20122241973877
5,68,32,25,7,0,32,0.6752029061317444,0.4999999701976776,0.46335697174072266,0.4999999701976776,0.4999999701976776,0,0,0.46335697399527187,21.884806394577026
6,69,29,14,15,0,29,0.6758641004562378,0.47701144218444824,0.46335697174072266,0.47701144218444824,0.47701144218444824,0,0,0.46335697399527187,19.47096610069275
7,65,10,2,8,0,10,0.6783472895622253,0.4833333492279053,0.46340426802635193,0.4833333492279053,0.4833333492279053,0,0,0.46335697399527187,18.993167400360107
8,63,30,13,17,0,30,0.6797126531600952,0.43611109256744385,0.46351462602615356,0.43611109256744385,0.43611109256744385,0,0,0.46335697399527187,21.500599145889282
9,56,17,1,16,0,17,0.6757439374923706,0.48039212822914124,0.46349602937698364,0.48039212822914124,0.48039212822914124,0,0,0.46335697399527187,17.459152221679688
10,46,17,0,17,0,17,0.6825564503669739,0.44607844948768616,0.4634126126766205,0.44607844948768616,0.44607844948768616,0,0,0.46335697399527187,19.71666169166565
11,48,24,5,19,0,24,0.6741576194763184,0.4687499701976776,0.4633964002132416,0.4687499701976776,0.4687499701976776,0,0,0.46335697399527187,16.766504764556885
12,47,25,0,25,0,25,0.6727418303489685,0.49666664004325867,0.46403777599334717,0.49666664004325867,0.49666664004325867,0,0,0.46335697399527187,24.604811191558838
13,47,19,0,19,0,19,0.679582417011261,0.4517543613910675,0.4639044404029846,0.4517543613910675,0.4517543613910675,0,0,0.46335697399527187,18.172732830047607
14,41,39,16,23,0,39,0.6710721254348755,0.5106837153434753,0.4634661078453064,0.5106837153434753,0.5106837153434753,0,0,0.46335697399527187,20.73439073562622
15,42,49,21,28,0,49,0.6739159226417542,0.4812925159931183,0.46341487765312195,0.4812925159931183,0.4812925159931183,0,0,0.46335697399527187,24.915645360946655
16,48,49,24,25,0,49,0.6735300421714783,0.47278910875320435,0.4635210335254669,0.47278910875320435,0.47278910875320435,0,0,0.46335697399527187,23.84640383720398
17,39,34,0,34,0,34,0.6771748661994934,0.448529452085495,0.46369072794914246,0.448529452085495,0.448529452085495,0,0,0.46335697399527187,17.82574200630188
18,46,40,13,27,0,40,0.6747944951057434,0.45833325386047363,0.46369972825050354,0.45833325386047363,0.45833325386047363,0,0,0.46335697399527187,22.222097158432007
19,43,37,0,37,0,37,0.6745989918708801,0.4752252399921417,0.4637658894062042,0.4752252399921417,0.4752252399921417,0,0,0.46335697399527187,22.8991117477417
20,47,40,0,40,0,40,0.677162766456604,0.46041664481163025,0.46358150243759155,0.46041664481163025,0.46041664481163025,0,0,0.46335697399527187,22.903817415237427
21,42,32,0,32,0,32,0.676656186580658,0.4296875298023224,0.46384456753730774,0.4296875298023224,0.4296875298023224,0,0,0.46335697399527187,23.723711252212524
22,37,24,0,24,0,24,0.6785809397697449,0.434027761220932,0.4634948968887329,0.434027761220932,0.434027761220932,0,0,0.46335697399527187,23.922400951385498
23,52,71,32,39,0,71,0.6718418002128601,0.4671361744403839,0.46380314230918884,0.4671361744403839,0.4671361744403839,0,0,0.46335697399527187,26.512175798416138
24,34,32,0,32,0,32,0.6753410696983337,0.4635416269302368,0.46368205547332764,0.4635416269302368,0.4635416269302368,0,0,0.46335697399527187,22.133708477020264
25,47,49,0,49,0,49,0.6733612418174744,0.4914965331554413,0.46359822154045105,0.4914965331554413,0.4914965331554413,0,0,0.46335697399527187,27.652095556259155
26,43,39,2,37,0,39,0.6738288998603821,0.44871795177459717,0.46386611461639404,0.44871795177459717,0.44871795177459717,0,0,0.46335697399527187,26.533929586410522
27,54,44,0,44,0,44,0.6742962002754211,0.4545454680919647,0.4640232026576996,0.4545454680919647,0.4545454680919647,0,0,0.46335697399527187,23.216087818145752
28,27,40,0,40,0,40,0.6737455725669861,0.46458330750465393,0.46424350142478943,0.46458330750465393,0.46458330750465393,0,0,0.46335697399527187,24.369381189346313
29,40,40,0,40,0,40,0.6692615151405334,0.5124999284744263,0.4639125466346741,0.5124999284744263,0.5124999284744263,0,0,0.46335697399527187,25.01609992980957
30,30,33,2,31,0,33,0.6703689694404602,0.472222238779068,0.46401602029800415,0.472222238779068,0.472222238779068,0,0,0.46382978723404256,27.065374851226807
31,48,43,0,43,0,43,0.6704259514808655,0.4748062193393707,0.4639177620410919,0.4748062193393707,0.4748062193393707,0,0,0.46335697399527187,19.988078594207764
32,51,35,0,35,0,35,0.6698794960975647,0.47380954027175903,0.4645998179912567,0.47380954027175903,0.47380954027175903,0,0,0.46382978723404256,26.45088028907776
33,40,36,0,36,0,36,0.6660247445106506,0.49537038803100586,0.4645521342754364,0.49537038803100586,0.49537038803100586,0,0,0.46382978723404256,23.14077591896057
34,37,40,0,40,0,40,0.6699836254119873,0.46458330750465393,0.46424350142478943,0.46458330750465393,0.46458330750465393,0,0,0.46382978723404256,23.287806034088135
35,35,47,14,33,0,47,0.6698045134544373,0.43971630930900574,0.465550035238266,0.43971630930900574,0.43971630930900574,0,0,0.46477541371158393,26.393788814544678
36,36,49,0,49,0,49,0.6690230965614319,0.4710884094238281,0.4643508493900299,0.4710884094238281,0.4710884094238281,0,0,0.46382978723404256,20.86133575439453
37,43,52,0,52,0,52,0.6678908467292786,0.48557692766189575,0.4649117887020111,0.48557692766189575,0.48557692766189575,0,0,0.46382978723404256,21.810620069503784
38,48,42,0,42,0,42,0.6697470545768738,0.4563491940498352,0.46543964743614197,0.4563491940498352,0.4563491940498352,0,0,0.46382978723404256,24.074052810668945
39,47,29,3,26,0,29,0.668319046497345,0.4597700834274292,0.4667319059371948,0.4597700834274292,0.4597700834274292,0,0,0.46430260047281324,20.44779324531555
40,41,27,0,27,0,27,0.6661189198493958,0.5061728358268738,0.4656335115432739,0.5061728358268738,0.5061728358268738,0,0,0.46382978723404256,23.563995599746704
41,37,58,11,47,0,58,0.664557933807373,0.49425286054611206,0.4658922255039215,0.49425286054611206,0.49425286054611206,0,0,0.46382978723404256,27.435028791427612
42,45,45,0,45,0,45,0.6679981350898743,0.4629629850387573,0.4660782814025879,0.4629629850387573,0.4629629850387573,0,0,0.46382978723404256,19.811886310577393
43,40,38,0,38,0,38,0.6654505729675293,0.4780701696872711,0.4675251841545105,0.4780701696872711,0.4780701696872711,0,0,0.46477541371158393,24.121010065078735
44,28,41,0,41,0,41,0.6694652438163757,0.43089428544044495,0.4675430655479431,0.43089428544044495,0.43089428544044495,0,0,0.4652482269503546,18.294184684753418
45,52,32,6,26,0,32,0.6649482846260071,0.4687499701976776,0.4684397280216217,0.4687499701976776,0.4687499701976776,0,0,0.466193853427896,23.97569513320923
46,42,36,0,36,0,36,0.6661363244056702,0.4791666567325592,0.4687812030315399,0.4791666567325592,0.4791666567325592,0,0,0.466193853427896,26.077925443649292
47,33,40,3,37,0,40,0.664433479309082,0.48124995827674866,0.46856969594955444,0.48124995827674866,0.48124995827674866,0,0,0.4666666666666667,21.223585844039917
48,49,55,8,47,0,55,0.6645813584327698,0.4909091293811798,0.4713260233402252,0.4909091293811798,0.4909091293811798,0,0,0.46713947990543736,24.590328216552734
49,47,47,9,38,0,47,0.661638081073761,0.5106382966041565,0.47276294231414795,0.5106382966041565,0.5106382966041565,0,0,0.46808510638297873,27.347997188568115
50,48,52,11,41,0,52,0.6666719913482666,0.46474361419677734,0.47673213481903076,0.46474361419677734,0.46474361419677734,0,0,0.4699763593380615,22.36502957344055
51,42,46,12,34,0,46,0.6602404713630676,0.5307970643043518,0.47408783435821533,0.5307970643043518,0.5307970643043518,0,0,0.4666666666666667,25.856679916381836
52,41,48,4,44,0,48,0.6650416254997253,0.4756944477558136,0.47456660866737366,0.4756944477558136,0.4756944477558136,0,0,0.4695035460992908,20.44025421142578
53,45,46,0,46,0,46,0.6659716963768005,0.4637680947780609,0.4723917841911316,0.4637680947780609,0.4637680947780609,0,0,0.4723404255319149,24.745383739471436
54,44,50,4,46,0,50,0.6630460619926453,0.4883333146572113,0.47731441259384155,0.4883333146572113,0.4883333146572113,0,0,0.4690307328605201,25.429767847061157
55,39,41,0,41,0,41,0.66123366355896,0.5081300735473633,0.4722135066986084,0.5081300735473633,0.5081300735473633,0,0,0.4690307328605201,20.00338101387024
56,38,32,0,32,0,32,0.6576822400093079,0.5260416865348816,0.47375887632369995,0.5260416865348816,0.5260416865348816,0,0,0.4685579196217494,20.997992992401123
57,37,46,6,40,0,46,0.664377748966217,0.47644925117492676,0.4782094955444336,0.47644925117492676,0.47644925117492676,0,0,0.47044917257683216,24.706804037094116
58,51,60,18,42,0,60,0.6648924946784973,0.4763889014720917,0.486871600151062,0.4763889014720917,0.4763889014720917,0,0,0.48605200945626476,30.718379497528076
59,45,53,25,28,0,53,0.6625161170959473,0.4921383261680603,0.5066773891448975,0.4921383261680603,0.4921383261680603,0,0,0.49692671394799054,20.901081562042236
60,47,35,0,35,0,35,0.6620651483535767,0.48571428656578064,0.4842958152294159,0.48571428656578064,0.48571428656578064,0,0,0.4765957446808511,21.412593126296997
61,42,32,0,32,0,32,0.6591944098472595,0.5234375,0.4818558096885681,0.5234375,0.5234375,0,0,0.4723404255319149,18.60081720352173
62,51,63,20,43,0,63,0.6599806547164917,0.5105819702148438,0.491485595703125,0.5105819702148438,0.5105819702148438,0,0,0.4907801418439716,22.161473274230957
63,41,56,21,35,0,56,0.658845067024231,0.5327380895614624,0.5039260387420654,0.5327380895614624,0.5327380895614624,0,0,0.4912529550827423,23.433940172195435
64,51,45,0,45,0,45,0.6637392044067383,0.46481481194496155,0.48639872670173645,0.46481481194496155,0.46481481194496155,0,0,0.48557919621749407,20.55090069770813
65,40,38,0,38,0,38,0.6614753007888794,0.4868420958518982,0.4916386902332306,0.4868420958518982,0.4868420958518982,0,0,0.47470449172576834,23.299434661865234
66,45,43,0,43,0,43,0.6619867086410522,0.49418604373931885,0.49569520354270935,0.49418604373931885,0.49418604373931885,0,0,0.4945626477541371,19.902607917785645
67,38,41,8,33,0,41,0.6566306948661804,0.5406503677368164,0.4950239658355713,0.5406503677368164,0.5406503677368164,0,0,0.48321513002364064,22.37614917755127
68,52,49,13,36,0,49,0.6566104292869568,0.5442177653312683,0.5141602754592896,0.5442177653312683,0.5442177653312683,0,0,0.5130023640661938,18.24084234237671
69,52,42,5,37,0,42,0.6605700850486755,0.5079365372657776,0.515906810760498,0.5079365372657776,0.5079365372657776,0,0,0.5002364066193853,27.699472188949585
70,43,40,0,40,0,40,0.6525020599365234,0.5833333730697632,0.5012766122817993,0.5833333730697632,0.5833333730697632,0,0,0.49976359338061466,19.371450901031494
71,51,49,16,33,0,49,0.6586494445800781,0.5204081535339355,0.5203550457954407,0.5204081535339355,0.5204081535339355,0,0,0.526241134751773,21.902478218078613
72,41,40,0,40,0,40,0.6593208312988281,0.5229166746139526,0.516926646232605,0.5229166746139526,0.5229166746139526,0,0,0.5125295508274231,25.459131479263306
73,46,38,6,32,0,38,0.6564300656318665,0.5526315569877625,0.5141968727111816,0.5526315569877625,0.5526315569877625,0,0,0.4907801418439716,18.9238383769989
74,33,33,1,32,0,33,0.6579660177230835,0.5252525210380554,0.5113546848297119,0.5252525210380554,0.5252525210380554,0,0,0.4950354609929078,21.523261308670044
75,46,56,19,37,0,56,0.654848039150238,0.5654761791229248,0.5221378207206726,0.5654761791229248,0.5654761791229248,0,0,0.5286052009456265,19.238322496414185
76,43,52,14,38,0,52,0.6599671244621277,0.5160256028175354,0.5407710075378418,0.5160256028175354,0.5160256028175354,0,0,0.5309692671394799,20.108330249786377
77,45,36,6,30,0,36,0.6522699594497681,0.5694444179534912,0.5309167504310608,0.5694444179534912,0.5694444179534912,0,0,0.5158392434988179,16.006943225860596
78,51,37,0,37,0,37,0.6588257551193237,0.5360360741615295,0.5192255973815918,0.5360360741615295,0.5360360741615295,0,0,0.49929078014184397,20.6143536567688
79,50,37,0,37,0,37,0.6601311564445496,0.5090090036392212,0.5318765640258789,0.5090090036392212,0.5090090036392212,0,0,0.5158392434988179,21.171608448028564
80,34,28,5,23,0,28,0.6567510366439819,0.5684524178504944,0.5420297384262085,0.5684524178504944,0.5684524178504944,0,0,0.524822695035461,23.808407306671143
81,41,50,0,50,0,50,0.6595028042793274,0.5516666769981384,0.5404444336891174,0.5516666769981384,0.5516666769981384,0,0,0.5333333333333333,17.30980682373047
82,38,37,0,37,0,37,0.654279887676239,0.596846878528595,0.536093533039093,0.596846878528595,0.596846878528595,0,0,0.5390070921985816,22.57610058784485
83,40,38,0,38,0,38,0.6575446724891663,0.5526315569877625,0.5575588345527649,0.5526315569877625,0.5526315569877625,0,0,0.5527186761229315,18.528738737106323
84,44,33,0,33,0,33,0.6534448266029358,0.5808081030845642,0.557346522808075,0.5808081030845642,0.5808081030845642,0,0,0.5508274231678487,21.352474689483643
85,45,42,0,42,0,42,0.6535448431968689,0.5892857313156128,0.5546437501907349,0.5892857313156128,0.5892857313156128,0,0,0.5304964539007092,18.54189133644104
86,49,36,0,36,0,36,0.6550238132476807,0.5995370745658875,0.5638954639434814,0.5995370745658875,0.5995370745658875,0,0,0.5692671394799055,20.660223960876465
87,44,44,0,44,0,44,0.652138888835907,0.5662878751754761,0.5498173236846924,0.5662878751754761,0.5662878751754761,0,0,0.5408983451536643,17.211652040481567
88,33,47,11,36,0,47,0.6518365740776062,0.6046099662780762,0.5742367506027222,0.6046099662780762,0.6046099662780762,0,0,0.5777777777777777,22.026970624923706
89,45,52,7,45,0,52,0.649115264415741,0.6378205418586731,0.5681305527687073,0.6378205418586731,0.6378205418586731,0,0,0.5702127659574469,20.78506350517273
90,37,40,0,40,0,40,0.6522635221481323,0.6000000238418579,0.5665839314460754,0.6000000238418579,0.6000000238418579,0,0,0.5678486997635934,27.753116607666016
91,40,49,14,35,0,49,0.6522455215454102,0.6105442643165588,0.5840305089950562,0.6105442643165588,0.6105442643165588,0,0,0.5919621749408983,20.56247329711914
92,41,46,0,46,0,46,0.6565835475921631,0.5960144996643066,0.5782814025878906,0.5960144996643066,0.5960144996643066,0,0,0.583451536643026,23.637369632720947
93,39,44,0,44,0,44,0.6579196453094482,0.5757575631141663,0.5872663259506226,0.5757575631141663,0.5757575631141663,0,0,0.5938534278959811,19.167017698287964
94,41,51,4,47,0,51,0.6515564918518066,0.5947712659835815,0.5969870090484619,0.5947712659835815,0.5947712659835815,0,0,0.5981087470449172,18.44451403617859
95,57,36,0,36,0,36,0.6544886231422424,0.6064814925193787,0.6002758145332336,0.6064814925193787,0.6064814925193787,0,0,0.6052009456264775,17.098501443862915
96,40,35,0,35,0,35,0.6500097513198853,0.6047619581222534,0.5933535695075989,0.6047619581222534,0.6047619581222534,0,0,0.5957446808510638,17.2060227394104
97,38,54,16,38,0,54,0.6530345678329468,0.6327160000801086,0.6270904541015625,0.6327160000801086,0.6327160000801086,0,0,0.6354609929078014,23.109567642211914
98,45,40,0,40,0,40,0.6493951082229614,0.6354166269302368,0.5923404097557068,0.6354166269302368,0.6354166269302368,0,0,0.5971631205673759,14.378769636154175
99,40,51,11,40,0,51,0.6536898016929626,0.6078431606292725,0.6259490847587585,0.6078431606292725,0.6078431606292725,0,0,0.6472813238770686,23.931877613067627
