round,n_client_req,n_new_updates,n_ontime_updates,n_delayed_updates,n_malicious_updates,n_benign_updates,client_avg_loss_avg,client_train_acc_avg,client_test_acc_avg,benign_client_train_acc_avg,benign_client_test_acc_avg,malicious_client_train_acc_avg,malicious_client_test_acc_avg,accuracy_score,aggregator_time
0,100,36,36,0,0,36,0.6899540424346924,0.4768518805503845,0.46335697174072266,0.4768518805503845,0.4768518805503845,0,0,0.46335697399527187,14.847200632095337
1,93,58,52,6,0,58,0.6871127486228943,0.47126439213752747,0.46335700154304504,0.47126439213752747,0.47126439213752747,0,0,0.46335697399527187,17.29220223426819
2,91,32,29,3,0,32,0.6857571601867676,0.4583333134651184,0.46335697174072266,0.4583333134651184,0.4583333134651184,0,0,0.46335697399527187,16.781468152999878
3,86,23,20,3,0,23,0.6801156401634216,0.48550722002983093,0.46335697174072266,0.48550722002983093,0.48550722002983093,0,0,0.46335697399527187,21.45454716682434
4,84,54,43,11,0,54,0.6787596940994263,0.4830247163772583,0.46335697174072266,0.4830247163772583,0.4830247163772583,0,0,0.46335697399527187,17.966288089752197
5,68,32,25,7,0,32,0.6755875945091248,0.4999999701976776,0.46335697174072266,0.4999999701976776,0.4999999701976776,0,0,0.46335697399527187,17.150677919387817
6,69,29,14,15,0,29,0.676249086856842,0.47701144218444824,0.46335697174072266,0.47701144218444824,0.47701144218444824,0,0,0.46335697399527187,16.206780672073364
7,65,10,2,8,0,10,0.6786912083625793,0.4833333492279053,0.46335697174072266,0.4833333492279053,0.4833333492279053,0,0,0.46335697399527187,16.535208463668823
8,63,30,13,17,0,30,0.6825059652328491,0.4333333373069763,0.46335697174072266,0.4333333373069763,0.4333333373069763,0,0,0.46335697399527187,19.417285919189453
9,56,17,1,16,0,17,0.6774187088012695,0.48039212822914124,0.46335697174072266,0.48039212822914124,0.48039212822914124,0,0,0.46335697399527187,18.06389284133911
10,46,17,0,17,0,17,0.6831859350204468,0.44607844948768616,0.46335697174072266,0.44607844948768616,0.44607844948768616,0,0,0.46335697399527187,15.894935369491577
11,48,24,5,19,0,24,0.6761205196380615,0.4687499701976776,0.46335697174072266,0.4687499701976776,0.4687499701976776,0,0,0.46335697399527187,17.1301109790802
12,47,25,0,25,0,25,0.6757611036300659,0.49666664004325867,0.46335697174072266,0.49666664004325867,0.49666664004325867,0,0,0.46335697399527187,17.46849036216736
13,47,19,0,19,0,19,0.6806932091712952,0.44736841320991516,0.46335697174072266,0.44736841320991516,0.44736841320991516,0,0,0.46335697399527187,16.823246479034424
14,41,39,16,23,0,39,0.6722420454025269,0.5106837153434753,0.46335700154304504,0.5106837153434753,0.5106837153434753,0,0,0.46335697399527187,17.87480092048645
15,42,49,21,28,0,49,0.6749933958053589,0.4812925159931183,0.4633762538433075,0.4812925159931183,0.4812925159931183,0,0,0.46335697399527187,16.63081669807434
16,48,49,24,25,0,49,0.6751432418823242,0.47278910875320435,0.4633859097957611,0.47278910875320435,0.47278910875320435,0,0,0.46335697399527187,18.07492208480835
17,39,34,0,34,0,34,0.679053008556366,0.448529452085495,0.46335697174072266,0.448529452085495,0.448529452085495,0,0,0.46335697399527187,20.99725031852722
18,46,40,13,27,0,40,0.6759583950042725,0.45833325386047363,0.4633806347846985,0.45833325386047363,0.45833325386047363,0,0,0.46335697399527187,15.784883975982666
19,43,37,0,37,0,37,0.676690399646759,0.4752252399921417,0.4633825123310089,0.4752252399921417,0.4752252399921417,0,0,0.46335697399527187,17.834153652191162
20,47,40,0,40,0,40,0.6787832975387573,0.46041664481163025,0.46335697174072266,0.46041664481163025,0.46041664481163025,0,0,0.46335697399527187,17.743775606155396
21,42,32,0,32,0,32,0.6786643862724304,0.4296875298023224,0.46335697174072266,0.4296875298023224,0.4296875298023224,0,0,0.46335697399527187,17.033769130706787
22,37,24,0,24,0,24,0.6797168850898743,0.434027761220932,0.4633964002132416,0.434027761220932,0.434027761220932,0,0,0.46335697399527187,15.158644437789917
23,52,71,32,39,0,71,0.674044668674469,0.4671361744403839,0.46337032318115234,0.4671361744403839,0.4671361744403839,0,0,0.46335697399527187,22.180778741836548
24,34,32,0,32,0,32,0.6770110726356506,0.4635416269302368,0.46337175369262695,0.4635416269302368,0.4635416269302368,0,0,0.46335697399527187,18.33845829963684
25,47,49,0,49,0,49,0.6747583150863647,0.4914965331554413,0.4633665978908539,0.4914965331554413,0.4914965331554413,0,0,0.46335697399527187,21.349863052368164
26,43,37,0,37,0,37,0.6761777997016907,0.44819822907447815,0.4634208679199219,0.44819822907447815,0.44819822907447815,0,0,0.46335697399527187,17.205167055130005
27,54,61,19,42,0,61,0.675364077091217,0.4453551769256592,0.46349644660949707,0.4453551769256592,0.4453551769256592,0,0,0.46335697399527187,22.029375314712524
28,31,39,0,39,0,39,0.6754282712936401,0.46794867515563965,0.46340546011924744,0.46794867515563965,0.46794867515563965,0,0,0.46335697399527187,17.68997621536255
29,38,40,0,40,0,40,0.6717438697814941,0.5104166269302368,0.4634987711906433,0.5104166269302368,0.5104166269302368,0,0,0.46335697399527187,16.590689420700073
30,46,31,0,31,0,31,0.6738010048866272,0.4489247500896454,0.46343323588371277,0.4489247500896454,0.4489247500896454,0,0,0.46335697399527187,22.03480315208435
31,39,44,0,44,0,44,0.6728073954582214,0.469696968793869,0.4634537398815155,0.469696968793869,0.469696968793869,0,0,0.46335697399527187,20.052728176116943
32,43,42,8,34,0,42,0.6711018681526184,0.4861111044883728,0.4634357690811157,0.4861111044883728,0.4861111044883728,0,0,0.46335697399527187,15.766768217086792
33,37,37,0,37,0,37,0.6680567264556885,0.5022522211074829,0.4634208679199219,0.5022522211074829,0.5022522211074829,0,0,0.46335697399527187,21.389630794525146
34,41,49,7,42,0,49,0.67360919713974,0.4404762089252472,0.4635789096355438,0.4404762089252472,0.4404762089252472,0,0,0.46335697399527187,20.32747983932495
35,46,35,0,35,0,35,0.6741839647293091,0.4357142448425293,0.46342453360557556,0.4357142448425293,0.4357142448425293,0,0,0.46335697399527187,15.18272876739502
36,43,76,19,57,0,76,0.6708248257637024,0.46271926164627075,0.463655561208725,0.46271926164627075,0.46271926164627075,0,0,0.46335697399527187,24.054046869277954
37,49,50,0,50,0,50,0.6713049411773682,0.4816666543483734,0.4635082483291626,0.4816666543483734,0.4816666543483734,0,0,0.46335697399527187,17.381825923919678
38,43,39,0,39,0,39,0.6715056300163269,0.46581193804740906,0.4635388255119324,0.46581193804740906,0.46581193804740906,0,0,0.46335697399527187,17.196733474731445
39,45,28,2,26,0,28,0.6665860414505005,0.5029762387275696,0.46366092562675476,0.5029762387275696,0.5029762387275696,0,0,0.46335697399527187,20.173168420791626
40,39,46,12,34,0,46,0.6690627336502075,0.48731881380081177,0.46412786841392517,0.48731881380081177,0.48731881380081177,0,0,0.46382978723404256,18.520100831985474
41,55,55,13,42,0,55,0.6687334179878235,0.47575756907463074,0.4642338156700134,0.47575756907463074,0.47575756907463074,0,0,0.46382978723404256,18.366676092147827
42,47,48,13,35,0,48,0.6659684777259827,0.496527761220932,0.4644109904766083,0.496527761220932,0.496527761220932,0,0,0.46335697399527187,17.326508283615112
43,43,38,0,38,0,38,0.6718742251396179,0.44078946113586426,0.46410349011421204,0.44078946113586426,0.44078946113586426,0,0,0.46382978723404256,17.656487226486206
44,50,39,6,33,0,39,0.6691808700561523,0.4636751711368561,0.4642176926136017,0.4636751711368561,0.4636751711368561,0,0,0.46382978723404256,17.830921411514282
45,44,40,0,40,0,40,0.6683827638626099,0.46875,0.4640544056892395,0.46875,0.46875,0,0,0.46382978723404256,18.63152003288269
46,44,38,0,38,0,38,0.6671640276908875,0.47587719559669495,0.4644518792629242,0.47587719559669495,0.47587719559669495,0,0,0.46382978723404256,15.529278039932251
47,42,62,19,43,0,62,0.6667313575744629,0.47580641508102417,0.4650575518608093,0.47580641508102417,0.47580641508102417,0,0,0.46382978723404256,19.585394859313965
48,44,49,7,42,0,49,0.6668872237205505,0.47448980808258057,0.4656824469566345,0.47448980808258057,0.47448980808258057,0,0,0.46382978723404256,18.315876722335815
49,49,40,0,40,0,40,0.6676660776138306,0.46875,0.4651181697845459,0.46875,0.46875,0,0,0.46382978723404256,15.114272832870483
50,40,42,0,42,0,42,0.665565013885498,0.4980158507823944,0.46424630284309387,0.4980158507823944,0.4980158507823944,0,0,0.46382978723404256,19.91284203529358
51,36,40,0,40,0,40,0.6643975377082825,0.5062500238418579,0.46444445848464966,0.5062500238418579,0.5062500238418579,0,0,0.46382978723404256,17.774800062179565
52,45,33,0,33,0,33,0.6697882413864136,0.4469696879386902,0.4658786654472351,0.4469696879386902,0.4469696879386902,0,0,0.46477541371158393,18.627986669540405
53,41,47,8,39,0,47,0.6688642501831055,0.4539007246494293,0.4677833020687103,0.4539007246494293,0.4539007246494293,0,0,0.4657210401891253,16.120413303375244
54,36,31,0,31,0,31,0.6685782670974731,0.45430102944374084,0.4658125638961792,0.45430102944374084,0.45430102944374084,0,0,0.46382978723404256,15.017120838165283
55,44,38,0,38,0,38,0.667443037033081,0.46271926164627075,0.4665547013282776,0.46271926164627075,0.46271926164627075,0,0,0.46477541371158393,15.461599111557007
56,37,30,0,30,0,30,0.666868269443512,0.4694444537162781,0.46669816970825195,0.4694444537162781,0.4694444537162781,0,0,0.46430260047281324,13.930102586746216
57,37,48,9,39,0,48,0.6654214262962341,0.4722222089767456,0.46824273467063904,0.4722222089767456,0.4722222089767456,0,0,0.466193853427896,17.0143723487854
58,43,39,0,39,0,39,0.6644290089607239,0.4871794879436493,0.4667151868343353,0.4871794879436493,0.4871794879436493,0,0,0.46477541371158393,15.580717086791992
59,47,37,1,36,0,37,0.6678036451339722,0.45270270109176636,0.4697719216346741,0.45270270109176636,0.45270270109176636,0,0,0.4657210401891253,19.116102933883667
60,46,39,0,39,0,39,0.6620655655860901,0.4850427210330963,0.4683275818824768,0.4850427210330963,0.4850427210330963,0,0,0.466193853427896,20.281437158584595
61,42,41,0,41,0,41,0.6680095195770264,0.43089428544044495,0.4697572588920593,0.43089428544044495,0.43089428544044495,0,0,0.4666666666666667,15.156899690628052
62,47,57,25,32,0,57,0.6641185879707336,0.47807013988494873,0.4769192636013031,0.47807013988494873,0.47807013988494873,0,0,0.4723404255319149,21.896809101104736
63,47,63,26,37,0,63,0.6607711911201477,0.5132275819778442,0.4849938154220581,0.5132275819778442,0.5132275819778442,0,0,0.466193853427896,15.749740600585938
64,42,34,0,34,0,34,0.6623179316520691,0.5049020051956177,0.4689195156097412,0.5049020051956177,0.5049020051956177,0,0,0.466193853427896,17.631850481033325
65,57,46,12,34,0,46,0.6625906825065613,0.4909420311450958,0.47525954246520996,0.4909420311450958,0.4909420311450958,0,0,0.4699763593380615,13.591922760009766
66,37,40,0,40,0,40,0.6668822169303894,0.4625000059604645,0.47224584221839905,0.4625000059604645,0.4625000059604645,0,0,0.4666666666666667,14.79651951789856
67,42,36,4,32,0,36,0.6611549258232117,0.5092592835426331,0.47620174288749695,0.5092592835426331,0.5092592835426331,0,0,0.4699763593380615,12.267274379730225
68,35,32,0,32,0,32,0.6624767184257507,0.4947916865348816,0.47451239824295044,0.4947916865348816,0.4947916865348816,0,0,0.4690307328605201,13.77893853187561
69,41,49,0,49,0,49,0.6658511757850647,0.4625850319862366,0.47578516602516174,0.4625850319862366,0.4625850319862366,0,0,0.4699763593380615,18.60723638534546
70,34,50,6,44,0,50,0.6620078086853027,0.4883333146572113,0.47729548811912537,0.4883333146572113,0.4883333146572113,0,0,0.4723404255319149,15.0829017162323
71,45,34,0,34,0,34,0.6615272164344788,0.49264705181121826,0.4787651002407074,0.49264705181121826,0.49264705181121826,0,0,0.4699763593380615,15.337728023529053
72,46,74,21,53,0,74,0.6608480215072632,0.4977477192878723,0.4827423095703125,0.4977477192878723,0.4977477192878723,0,0,0.4765957446808511,17.940274477005005
73,44,37,0,37,0,37,0.6589105725288391,0.5067567825317383,0.4725959897041321,0.5067567825317383,0.5067567825317383,0,0,0.4666666666666667,14.613203763961792
74,43,49,13,36,0,49,0.6652114391326904,0.4642857611179352,0.4853958487510681,0.4642857611179352,0.4642857611179352,0,0,0.48274231678486995,11.245313882827759
75,45,39,0,39,0,39,0.6579260230064392,0.5235041975975037,0.4782930016517639,0.5235041975975037,0.5235041975975037,0,0,0.47092198581560285,12.519248485565186
76,41,31,0,31,0,31,0.6574355959892273,0.5403225421905518,0.479524165391922,0.5403225421905518,0.5403225421905518,0,0,0.4718676122931442,13.805779933929443
77,49,49,8,41,0,49,0.6622365713119507,0.4744897484779358,0.48909151554107666,0.4744897484779358,0.4744897484779358,0,0,0.48699763593380613,15.940599203109741
78,50,49,15,34,0,49,0.6605667471885681,0.5,0.5021179914474487,0.5,0.5,0,0,0.4973995271867612,13.073747396469116
79,36,62,16,46,0,62,0.6592860817909241,0.5201612710952759,0.49724701046943665,0.5201612710952759,0.5201612710952759,0,0,0.4817966903073286,15.46696424484253
80,45,40,0,40,0,40,0.6604846715927124,0.5020833611488342,0.48788419365882874,0.5020833611488342,0.5020833611488342,0,0,0.48605200945626476,11.446570873260498
81,43,40,0,40,0,40,0.6593815088272095,0.512499988079071,0.4956737458705902,0.512499988079071,0.512499988079071,0,0,0.484160756501182,13.585231304168701
82,37,45,12,33,0,45,0.6578618288040161,0.5240740776062012,0.4996059834957123,0.5240740776062012,0.5240740776062012,0,0,0.4921985815602837,11.083317279815674
83,43,37,0,37,0,37,0.6639796495437622,0.48198193311691284,0.49342530965805054,0.48198193311691284,0.48198193311691284,0,0,0.48557919621749407,14.40848684310913
84,46,46,12,34,0,46,0.6536791324615479,0.5670289397239685,0.5047281384468079,0.5670289397239685,0.5670289397239685,0,0,0.5030732860520094,12.04384970664978
85,45,45,6,39,0,45,0.6588498950004578,0.5018518567085266,0.508379340171814,0.5018518567085266,0.5018518567085266,0,0,0.49645390070921985,13.361820459365845
86,52,39,6,33,0,39,0.656467854976654,0.5235042572021484,0.5044189691543579,0.5235042572021484,0.5235042572021484,0,0,0.4921985815602837,12.805210590362549
87,48,36,0,36,0,36,0.6602217555046082,0.49768516421318054,0.5043866634368896,0.49768516421318054,0.49768516421318054,0,0,0.49361702127659574,14.030169486999512
88,40,50,14,36,0,50,0.660439670085907,0.5183333158493042,0.5232813358306885,0.5183333158493042,0.5183333158493042,0,0,0.5271867612293144,12.35428500175476
89,43,50,13,37,0,50,0.6523247361183167,0.5933333039283752,0.5275838971138,0.5933333039283752,0.5933333039283752,0,0,0.5106382978723404,15.544112920761108
90,43,44,0,44,0,44,0.6554686427116394,0.5549242496490479,0.518815815448761,0.5549242496490479,0.5549242496490479,0,0,0.5101654846335697,13.628004312515259
91,42,46,0,46,0,46,0.6571002006530762,0.5326086282730103,0.5173296332359314,0.5326086282730103,0.5326086282730103,0,0,0.508274231678487,14.233989953994751
92,39,36,0,36,0,36,0.6557596325874329,0.5555555820465088,0.5206461548805237,0.5555555820465088,0.5555555820465088,0,0,0.508274231678487,11.854836225509644
93,51,46,5,41,0,46,0.654714047908783,0.5579709410667419,0.5204543471336365,0.5579709410667419,0.5579709410667419,0,0,0.5111111111111111,14.824840068817139
94,48,56,22,34,0,56,0.656622052192688,0.5580357313156128,0.5390661954879761,0.5580357313156128,0.5580357313156128,0,0,0.5356973995271868,13.264763355255127
95,39,34,0,34,0,34,0.6520028114318848,0.5661765336990356,0.527617871761322,0.5661765336990356,0.5661765336990356,0,0,0.5144208037825059,14.55562949180603
96,46,36,0,36,0,36,0.6554983258247375,0.5347222089767456,0.532991886138916,0.5347222089767456,0.5347222089767456,0,0,0.532387706855792,10.834141731262207
97,41,27,0,27,0,27,0.6619568467140198,0.5216049551963806,0.5421066880226135,0.5216049551963806,0.5216049551963806,0,0,0.5371158392434988,13.602771043777466
98,45,47,0,47,0,47,0.6574401259422302,0.5354609489440918,0.5345304608345032,0.5354609489440918,0.5354609489440918,0,0,0.5300236406619385,11.284658670425415
99,38,51,0,51,0,51,0.6537391543388367,0.5866013169288635,0.5414453148841858,0.5866013169288635,0.5866013169288635,0,0,0.5394799054373522,15.624987602233887
