round,n_client_req,n_new_updates,n_ontime_updates,n_delayed_updates,n_malicious_updates,n_benign_updates,client_avg_loss_avg,client_train_acc_avg,client_test_acc_avg,benign_client_train_acc_avg,benign_client_test_acc_avg,malicious_client_train_acc_avg,malicious_client_test_acc_avg,accuracy_score,aggregator_time
0,100,36,36,0,0,36,0.6899540424346924,0.4768518805503845,0.46335697174072266,0.4768518805503845,0.4768518805503845,0,0,0.46335697399527187,1.29392671585083
1,93,59,53,6,0,59,0.6863332390785217,0.4830508232116699,0.46335700154304504,0.4830508232116699,0.4830508232116699,0,0,0.46335697399527187,1.6364378929138184
2,91,32,29,3,0,32,0.6852972507476807,0.46875,0.46335697174072266,0.46875,0.46875,0,0,0.46335697399527187,1.1685950756072998
3,87,46,38,8,0,46,0.681748628616333,0.4692029058933258,0.46335694193840027,0.4692029058933258,0.4692029058933258,0,0,0.46335697399527187,1.5282924175262451
4,82,55,48,7,0,55,0.6819387674331665,0.4469697177410126,0.46335694193840027,0.4469697177410126,0.4469697177410126,0,0,0.46335697399527187,1.6413328647613525
5,77,59,50,9,0,59,0.6778627634048462,0.4788135588169098,0.46335700154304504,0.4788135588169098,0.4788135588169098,0,0,0.46335697399527187,1.4945523738861084
6,76,24,17,7,0,24,0.6760616302490234,0.472222238779068,0.46335697174072266,0.472222238779068,0.472222238779068,0,0,0.46335697399527187,0.8514089584350586
7,72,53,37,16,0,53,0.6783614754676819,0.4496855139732361,0.46335700154304504,0.4496855139732361,0.4496855139732361,0,0,0.46335697399527187,1.2806217670440674
8,61,54,36,18,0,54,0.6754381656646729,0.4753086566925049,0.46335697174072266,0.4753086566925049,0.4753086566925049,0,0,0.46335697399527187,1.4273040294647217
9,72,39,27,12,0,39,0.6730660200119019,0.48076921701431274,0.46335700154304504,0.48076921701431274,0.48076921701431274,0,0,0.46335697399527187,1.2036845684051514
10,72,58,46,12,0,58,0.6714128255844116,0.4813218414783478,0.46340587735176086,0.4813218414783478,0.4813218414783478,0,0,0.46335697399527187,1.4054017066955566
11,68,35,16,19,0,35,0.6725362539291382,0.49761903285980225,0.4634380340576172,0.49761903285980225,0.49761903285980225,0,0,0.46335697399527187,1.0605802536010742
12,66,35,20,15,0,35,0.6740851998329163,0.476190447807312,0.4633840322494507,0.476190447807312,0.476190447807312,0,0,0.46335697399527187,1.2079248428344727
13,55,25,5,20,0,25,0.6754257082939148,0.4866666793823242,0.46339482069015503,0.4866666793823242,0.4866666793823242,0,0,0.46335697399527187,0.7735960483551025
14,50,27,6,21,0,27,0.6778930425643921,0.4475308656692505,0.4633744955062866,0.4475308656692505,0.4475308656692505,0,0,0.46335697399527187,1.601426362991333
15,58,40,20,20,0,40,0.6763672828674316,0.4520832896232605,0.4633806347846985,0.4520832896232605,0.4520832896232605,0,0,0.46335697399527187,2.5225932598114014
16,50,17,5,12,0,17,0.6740595698356628,0.5147058963775635,0.46335697174072266,0.5147058963775635,0.5147058963775635,0,0,0.46335697399527187,0.7824249267578125
17,57,25,0,25,0,25,0.6767167448997498,0.46666666865348816,0.46339476108551025,0.46666666865348816,0.46666666865348816,0,0,0.46335697399527187,0.8566968441009521
18,42,22,0,22,0,22,0.6761599779129028,0.4696969985961914,0.4633999764919281,0.4696969985961914,0.4696969985961914,0,0,0.46335697399527187,1.5035228729248047
19,37,49,17,32,0,49,0.675401508808136,0.4608843922615051,0.4633762538433075,0.4608843922615051,0.4608843922615051,0,0,0.46335697399527187,1.2065496444702148
20,44,34,0,34,0,34,0.6791258454322815,0.480392187833786,0.46338480710983276,0.480392187833786,0.480392187833786,0,0,0.46335697399527187,1.300020456314087
21,40,48,19,29,0,48,0.6757707595825195,0.4791666567325592,0.46335697174072266,0.4791666567325592,0.4791666567325592,0,0,0.46335697399527187,2.9112460613250732
22,35,30,0,30,0,30,0.6764571070671082,0.45277777314186096,0.46342000365257263,0.45277777314186096,0.45277777314186096,0,0,0.46335697399527187,0.9031953811645508
23,41,24,0,24,0,24,0.6742416024208069,0.5,0.46341609954833984,0.5,0.5,0,0,0.46335697399527187,0.5653688907623291
24,42,35,0,35,0,35,0.678136944770813,0.4523809850215912,0.46337050199508667,0.4523809850215912,0.4523809850215912,0,0,0.46335697399527187,2.039472818374634
25,38,31,0,31,0,31,0.6734086275100708,0.5107527375221252,0.46337223052978516,0.5107527375221252,0.5107527375221252,0,0,0.46335697399527187,1.1778664588928223
26,36,37,2,35,0,37,0.674009382724762,0.4842342734336853,0.4633825123310089,0.4842342734336853,0.4842342734336853,0,0,0.46335697399527187,1.8825559616088867
27,35,47,4,43,0,47,0.6697776913642883,0.5195035934448242,0.4633669853210449,0.5195035934448242,0.5195035934448242,0,0,0.46335697399527187,1.3772008419036865
28,38,39,0,39,0,39,0.6760118007659912,0.46581199765205383,0.4633933901786804,0.46581199765205383,0.46581199765205383,0,0,0.46335697399527187,2.6434364318847656
29,43,30,0,30,0,30,0.672849714756012,0.4861111044883728,0.46338850259780884,0.4861111044883728,0.4861111044883728,0,0,0.46335697399527187,0.8603065013885498
30,35,45,0,45,0,45,0.6718081831932068,0.5037037134170532,0.463377982378006,0.5037037134170532,0.5037037134170532,0,0,0.46335697399527187,1.1546361446380615
31,32,38,0,38,0,38,0.6771869659423828,0.44298243522644043,0.46339431405067444,0.44298243522644043,0.44298243522644043,0,0,0.46335697399527187,1.9749629497528076
32,43,56,3,53,0,56,0.6736215353012085,0.464285671710968,0.46339067816734314,0.464285671710968,0.464285671710968,0,0,0.46335697399527187,2.4006690979003906
33,42,40,0,40,0,40,0.6730467677116394,0.46041664481163025,0.4633806347846985,0.46041664481163025,0.46041664481163025,0,0,0.46335697399527187,1.6861965656280518
34,43,43,10,33,0,43,0.6734481453895569,0.45155036449432373,0.4634559154510498,0.45155036449432373,0.45155036449432373,0,0,0.46335697399527187,1.8054075241088867
35,44,52,17,35,0,52,0.6701860427856445,0.47435900568962097,0.46349337697029114,0.47435900568962097,0.47435900568962097,0,0,0.46335697399527187,2.20587158203125
36,34,35,0,35,0,35,0.6718596816062927,0.46190473437309265,0.46342453360557556,0.46190473437309265,0.46190473437309265,0,0,0.46335697399527187,1.4267072677612305
37,47,40,0,40,0,40,0.6706812977790833,0.4895833432674408,0.4634397029876709,0.4895833432674408,0.4895833432674408,0,0,0.46335697399527187,1.4807181358337402
38,46,42,0,42,0,42,0.6717407703399658,0.472222238779068,0.4634019732475281,0.472222238779068,0.472222238779068,0,0,0.46335697399527187,1.5336768627166748
39,42,56,13,43,0,56,0.6708645820617676,0.455357164144516,0.46364402770996094,0.455357164144516,0.455357164144516,0,0,0.46335697399527187,2.1115050315856934
40,49,51,0,51,0,51,0.6705875992774963,0.47549018263816833,0.46356093883514404,0.47549018263816833,0.47549018263816833,0,0,0.46335697399527187,1.698784589767456
41,37,56,10,46,0,56,0.6698588728904724,0.4806548058986664,0.4635680317878723,0.4806548058986664,0.4806548058986664,0,0,0.46335697399527187,2.207366466522217
42,48,65,25,40,0,65,0.6667358875274658,0.5,0.46377885341644287,0.5,0.5,0,0,0.46335697399527187,2.256568670272827
43,41,28,0,28,0,28,0.6750651597976685,0.425595223903656,0.4636102616786957,0.425595223903656,0.425595223903656,0,0,0.46335697399527187,1.715461254119873
44,44,43,8,35,0,43,0.6733060479164124,0.43410855531692505,0.464005708694458,0.43410855531692505,0.43410855531692505,0,0,0.46335697399527187,2.228163003921509
45,42,55,0,55,0,55,0.672213077545166,0.45151516795158386,0.46359768509864807,0.45151516795158386,0.45151516795158386,0,0,0.46335697399527187,2.7176132202148438
46,50,56,22,34,0,56,0.6684926748275757,0.4776785373687744,0.464108407497406,0.4776785373687744,0.4776785373687744,0,0,0.46382978723404256,1.8295466899871826
47,51,63,20,43,0,63,0.668515145778656,0.4722222089767456,0.4646553099155426,0.4722222089767456,0.4722222089767456,0,0,0.46382978723404256,2.8667569160461426
48,54,34,0,34,0,34,0.673658013343811,0.43627452850341797,0.4641773998737335,0.43627452850341797,0.43627452850341797,0,0,0.46335697399527187,0.982295036315918
49,40,42,8,34,0,42,0.6676022410392761,0.4821428656578064,0.46420130133628845,0.4821428656578064,0.4821428656578064,0,0,0.46382978723404256,1.4761371612548828
50,48,37,0,37,0,37,0.6718395352363586,0.44594594836235046,0.46453264355659485,0.44594594836235046,0.44594594836235046,0,0,0.46382978723404256,1.255296230316162
51,46,47,6,41,0,47,0.6666329503059387,0.48758864402770996,0.46478548645973206,0.48758864402770996,0.48758864402770996,0,0,0.46382978723404256,1.4075202941894531
52,43,39,0,39,0,39,0.6633260250091553,0.5320512056350708,0.46452081203460693,0.5320512056350708,0.5320512056350708,0,0,0.46382978723404256,1.0359523296356201
53,45,42,13,29,0,42,0.6682393550872803,0.4702380895614624,0.4653495252132416,0.4702380895614624,0.4702380895614624,0,0,0.46382978723404256,1.9897661209106445
54,47,43,0,43,0,43,0.6673733592033386,0.4728681743144989,0.46512728929519653,0.4728681743144989,0.4728681743144989,0,0,0.46382978723404256,1.2187862396240234
55,46,29,0,29,0,29,0.6659319400787354,0.48563218116760254,0.46490582823753357,0.48563218116760254,0.48563218116760254,0,0,0.46382978723404256,0.8322372436523438
56,40,34,0,34,0,34,0.6670398116111755,0.47058820724487305,0.4650534987449646,0.47058820724487305,0.47058820724487305,0,0,0.46382978723404256,1.857851505279541
57,40,34,0,34,0,34,0.6686772704124451,0.46078431606292725,0.46549853682518005,0.46078431606292725,0.46078431606292725,0,0,0.46382978723404256,1.4753925800323486
58,41,30,0,30,0,30,0.6704655289649963,0.44722220301628113,0.4671710133552551,0.44722220301628113,0.44722220301628113,0,0,0.46382978723404256,0.840315580368042
59,44,38,3,35,0,38,0.6680010557174683,0.4671052098274231,0.4673634171485901,0.4671052098274231,0.4671052098274231,0,0,0.46477541371158393,0.8812856674194336
60,34,55,8,47,0,55,0.6645117402076721,0.478787899017334,0.4680335223674774,0.478787899017334,0.478787899017334,0,0,0.4657210401891253,2.478943109512329
61,45,47,0,47,0,47,0.6665634512901306,0.48049646615982056,0.4670187830924988,0.48049646615982056,0.48049646615982056,0,0,0.46430260047281324,1.7885198593139648
62,41,43,0,43,0,43,0.6672118902206421,0.4651162922382355,0.46843698620796204,0.4651162922382355,0.4651162922382355,0,0,0.4657210401891253,1.9684677124023438
63,41,51,6,45,0,51,0.664840042591095,0.47385621070861816,0.4699763357639313,0.47385621070861816,0.47385621070861816,0,0,0.4666666666666667,2.4584686756134033
64,41,36,0,36,0,36,0.6653854846954346,0.4814814329147339,0.4679669141769409,0.4814814329147339,0.4814814329147339,0,0,0.4657210401891253,1.759800672531128
65,38,28,0,28,0,28,0.6641182899475098,0.511904776096344,0.47039851546287537,0.511904776096344,0.511904776096344,0,0,0.466193853427896,1.9555230140686035
66,40,64,4,60,0,64,0.6658110618591309,0.4700520932674408,0.470338374376297,0.4700520932674408,0.4700520932674408,0,0,0.4666666666666667,3.6488866806030273
67,45,51,0,51,0,51,0.66557776927948,0.47058823704719543,0.4712742567062378,0.47058823704719543,0.47058823704719543,0,0,0.46713947990543736,2.0792324542999268
68,50,42,0,42,0,42,0.6624608039855957,0.488095223903656,0.47059550881385803,0.488095223903656,0.488095223903656,0,0,0.46713947990543736,2.3812735080718994
69,38,41,9,32,0,41,0.6593524217605591,0.534552812576294,0.4732629656791687,0.534552812576294,0.534552812576294,0,0,0.4690307328605201,1.5419247150421143
70,45,56,23,33,0,56,0.6583625078201294,0.5297619104385376,0.47936511039733887,0.5297619104385376,0.5297619104385376,0,0,0.4728132387706856,2.650294542312622
71,50,45,13,32,0,45,0.6669708490371704,0.4574073851108551,0.4870186150074005,0.4574073851108551,0.4574073851108551,0,0,0.4799054373522459,2.1462361812591553
72,48,37,0,37,0,37,0.6647765040397644,0.4864864945411682,0.4760845899581909,0.4864864945411682,0.4864864945411682,0,0,0.47092198581560285,1.9688491821289062
73,41,36,0,36,0,36,0.6656415462493896,0.4722222089767456,0.4792487919330597,0.4722222089767456,0.4722222089767456,0,0,0.4723404255319149,1.8660709857940674
74,46,38,0,38,0,38,0.6649559140205383,0.4649122655391693,0.4794948101043701,0.4649122655391693,0.4649122655391693,0,0,0.4723404255319149,1.7830023765563965
75,38,28,0,28,0,28,0.6671101450920105,0.4672618806362152,0.48184734582901,0.4672618806362152,0.4672618806362152,0,0,0.4732860520094563,1.5639426708221436
76,37,42,9,33,0,42,0.6652201414108276,0.4662698209285736,0.4888663589954376,0.4662698209285736,0.4662698209285736,0,0,0.4846335697399527,2.349632501602173
77,44,62,14,48,0,62,0.6596794128417969,0.5067203640937805,0.48898035287857056,0.5067203640937805,0.5067203640937805,0,0,0.4799054373522459,2.69838285446167
78,48,41,0,41,0,41,0.6579551100730896,0.5508129596710205,0.47974395751953125,0.5508129596710205,0.5508129596710205,0,0,0.4723404255319149,2.1054341793060303
79,37,37,0,37,0,37,0.6636084318161011,0.47297295928001404,0.4819755554199219,0.47297295928001404,0.47297295928001404,0,0,0.4761229314420804,1.198683261871338
80,53,38,0,38,0,38,0.6629239320755005,0.4736842215061188,0.4868234395980835,0.4736842215061188,0.4736842215061188,0,0,0.47801418439716314,1.241227626800537
81,35,36,0,36,0,36,0.6610438823699951,0.4930555522441864,0.4934856593608856,0.4930555522441864,0.4930555522441864,0,0,0.4874704491725768,1.9157748222351074
82,42,44,0,44,0,44,0.6617869734764099,0.4943181872367859,0.48419296741485596,0.4943181872367859,0.4943181872367859,0,0,0.47801418439716314,1.71677827835083
83,49,42,7,35,0,42,0.6598809361457825,0.509920597076416,0.49603739380836487,0.509920597076416,0.509920597076416,0,0,0.48983451536643025,1.8186757564544678
84,44,32,0,32,0,32,0.6576792597770691,0.53125,0.49172574281692505,0.53125,0.53125,0,0,0.48699763593380613,0.9821896553039551
85,44,34,0,34,0,34,0.6612359285354614,0.5049020051956177,0.49934640526771545,0.5049020051956177,0.5049020051956177,0,0,0.4945626477541371,1.1504912376403809
86,43,71,20,51,0,71,0.657708466053009,0.5363849401473999,0.5140412449836731,0.5363849401473999,0.5363849401473999,0,0,0.5087470449172576,3.021880626678467
87,42,53,8,45,0,53,0.6601933836936951,0.5220125913619995,0.51472407579422,0.5220125913619995,0.5220125913619995,0,0,0.5059101654846335,2.586343288421631
88,39,67,16,51,0,67,0.657457709312439,0.5360696315765381,0.513821005821228,0.5360696315765381,0.5360696315765381,0,0,0.5040189125295508,2.3035175800323486
89,43,40,11,29,0,40,0.6594576835632324,0.5375000238418579,0.5165485143661499,0.5375000238418579,0.5375000238418579,0,0,0.5063829787234042,1.1638729572296143
90,51,49,11,38,0,49,0.6587839126586914,0.5340136289596558,0.5193226337432861,0.5340136289596558,0.5340136289596558,0,0,0.509692671394799,2.1639351844787598
91,47,47,21,26,0,47,0.6591030955314636,0.533687949180603,0.5417534708976746,0.533687949180603,0.533687949180603,0,0,0.526241134751773,1.9683520793914795
92,49,43,8,35,0,43,0.6537312865257263,0.5813953280448914,0.5177305340766907,0.5813953280448914,0.5813953280448914,0,0,0.5092198581560283,1.76853609085083
93,42,39,0,39,0,39,0.659544825553894,0.5341880321502686,0.5325089693069458,0.5341880321502686,0.5341880321502686,0,0,0.5234042553191489,1.0829570293426514
94,47,38,0,38,0,38,0.6542788743972778,0.5679824948310852,0.5150429606437683,0.5679824948310852,0.5679824948310852,0,0,0.508274231678487,1.3977534770965576
95,37,38,2,36,0,38,0.6560435891151428,0.5657894611358643,0.5276719927787781,0.5657894611358643,0.5657894611358643,0,0,0.5177304964539007,1.0981535911560059
96,48,37,0,37,0,37,0.6608747839927673,0.5337837934494019,0.5382275581359863,0.5337837934494019,0.5337837934494019,0,0,0.5295508274231678,1.5045983791351318
97,41,34,0,34,0,34,0.6591851711273193,0.5269607901573181,0.5273396968841553,0.5269607901573181,0.5269607901573181,0,0,0.5200945626477541,0.8663768768310547
98,52,66,20,46,0,66,0.6561649441719055,0.5782828330993652,0.5553836226463318,0.5782828330993652,0.5782828330993652,0,0,0.548936170212766,2.0585293769836426
99,43,59,19,40,0,59,0.6562616229057312,0.5748587250709534,0.5671915411949158,0.5748587250709534,0.5748587250709534,0,0,0.5621749408983452,2.2102832794189453
