round,n_client_req,n_new_updates,n_ontime_updates,n_delayed_updates,n_malicious_updates,n_benign_updates,client_avg_loss_avg,client_train_acc_avg,client_test_acc_avg,benign_client_train_acc_avg,benign_client_test_acc_avg,malicious_client_train_acc_avg,malicious_client_test_acc_avg,accuracy_score,aggregator_time
0,100,36,36,0,0,36,0.691129207611084,0.4768518805503845,0.46335697174072266,0.4768518805503845,0.4768518805503845,0,0,0.46335697399527187,14.060723304748535
1,93,73,67,6,0,73,0.6879464983940125,0.49657535552978516,0.4633569121360779,0.49657535552978516,0.49657535552978516,0,0,0.46335697399527187,17.97093915939331
2,90,55,53,2,0,55,0.68898606300354,0.46515148878097534,0.46335694193840027,0.46515148878097534,0.46515148878097534,0,0,0.46335697399527187,23.919737815856934
3,87,59,55,4,0,59,0.6863499283790588,0.47740110754966736,0.46335700154304504,0.47740110754966736,0.47740110754966736,0,0,0.46335697399527187,24.043607234954834
4,87,35,29,6,0,35,0.6842871308326721,0.4928571283817291,0.46335700154304504,0.4928571283817291,0.4928571283817291,0,0,0.46335697399527187,13.004799127578735
5,87,40,28,12,0,40,0.6849969625473022,0.4749999940395355,0.46335697174072266,0.4749999940395355,0.4749999940395355,0,0,0.46335697399527187,30.18243408203125
6,74,59,47,12,0,59,0.6829307079315186,0.4703390300273895,0.46335700154304504,0.4703390300273895,0.4703390300273895,0,0,0.46335697399527187,19.478307008743286
7,73,61,51,10,0,61,0.6816037893295288,0.46721306443214417,0.46335703134536743,0.46721306443214417,0.46721306443214417,0,0,0.46335697399527187,22.198716640472412
8,80,62,51,11,0,62,0.6786321401596069,0.4932795464992523,0.46335700154304504,0.4932795464992523,0.4932795464992523,0,0,0.46335697399527187,21.342533111572266
9,68,41,31,10,0,41,0.6790313720703125,0.47560974955558777,0.46335694193840027,0.47560974955558777,0.47560974955558777,0,0,0.46335697399527187,20.766072273254395
10,82,45,33,12,0,45,0.6788229942321777,0.470370352268219,0.46335694193840027,0.470370352268219,0.470370352268219,0,0,0.46335697399527187,21.719801902770996
11,67,57,45,12,0,57,0.6758923530578613,0.46345028281211853,0.46335703134536743,0.46345028281211853,0.46345028281211853,0,0,0.46335697399527187,33.11440420150757
12,63,25,3,22,0,25,0.6809725761413574,0.47999995946884155,0.46335697174072266,0.47999995946884155,0.47999995946884155,0,0,0.46335697399527187,17.02990460395813
13,59,17,0,17,0,17,0.6816914081573486,0.4411764442920685,0.46335697174072266,0.4411764442920685,0.4411764442920685,0,0,0.46335697399527187,16.689462423324585
14,52,25,4,21,0,25,0.6810653805732727,0.46666666865348816,0.46335697174072266,0.46666666865348816,0.46666666865348816,0,0,0.46335697399527187,22.782124280929565
15,54,48,30,18,0,48,0.6787052154541016,0.4826388359069824,0.46335697174072266,0.4826388359069824,0.4826388359069824,0,0,0.46335697399527187,27.779408931732178
16,39,24,0,24,0,24,0.6806073188781738,0.4791666567325592,0.46335697174072266,0.4791666567325592,0.4791666567325592,0,0,0.46335697399527187,14.387897729873657
17,44,32,0,32,0,32,0.6825975179672241,0.4244791567325592,0.46335697174072266,0.4244791567325592,0.4244791567325592,0,0,0.46335697399527187,18.477795124053955
18,50,42,21,21,0,42,0.6761927008628845,0.4841269552707672,0.4633569121360779,0.4841269552707672,0.4841269552707672,0,0,0.46335697399527187,23.617958068847656
19,42,44,8,36,0,44,0.6774291396141052,0.4962121248245239,0.46335697174072266,0.4962121248245239,0.4962121248245239,0,0,0.46335697399527187,27.66384530067444
20,50,35,3,32,0,35,0.680406391620636,0.49047622084617615,0.46335700154304504,0.49047622084617615,0.49047622084617615,0,0,0.46335697399527187,25.29511308670044
21,56,46,22,24,0,46,0.6772361397743225,0.49637678265571594,0.46335694193840027,0.49637678265571594,0.49637678265571594,0,0,0.46335697399527187,21.408008098602295
22,47,49,21,28,0,49,0.6795458793640137,0.45408159494400024,0.46335694193840027,0.45408159494400024,0.45408159494400024,0,0,0.46335697399527187,31.775789737701416
23,51,42,13,29,0,42,0.6775004863739014,0.4742063283920288,0.4633569121360779,0.4742063283920288,0.4742063283920288,0,0,0.46335697399527187,23.607434272766113
24,42,26,0,26,0,26,0.6833587288856506,0.44230765104293823,0.46335697174072266,0.44230765104293823,0.44230765104293823,0,0,0.46335697399527187,25.22890043258667
25,45,37,0,37,0,37,0.6784078478813171,0.4977477192878723,0.46335694193840027,0.4977477192878723,0.4977477192878723,0,0,0.46335697399527187,22.451878309249878
26,41,53,10,43,0,53,0.6824305653572083,0.4229559600353241,0.46335700154304504,0.4229559600353241,0.4229559600353241,0,0,0.46335697399527187,28.346850156784058
27,41,42,0,42,0,42,0.6768071055412292,0.4920634627342224,0.4633569121360779,0.4920634627342224,0.4920634627342224,0,0,0.46335697399527187,18.624084949493408
28,35,40,0,40,0,40,0.6772373914718628,0.4895833134651184,0.46335697174072266,0.4895833134651184,0.4895833134651184,0,0,0.46335697399527187,19.99711322784424
29,44,42,0,42,0,42,0.6816826462745667,0.4384920597076416,0.4633569121360779,0.4384920597076416,0.4384920597076416,0,0,0.46335697399527187,27.678812503814697
30,49,29,0,29,0,29,0.674630880355835,0.5201149582862854,0.46335697174072266,0.5201149582862854,0.5201149582862854,0,0,0.46335697399527187,10.606518745422363
31,44,42,0,42,0,42,0.6771979331970215,0.4682539403438568,0.4633569121360779,0.4682539403438568,0.4682539403438568,0,0,0.46335697399527187,21.742205381393433
32,43,42,9,33,0,42,0.6741959452629089,0.5119047164916992,0.4633569121360779,0.5119047164916992,0.5119047164916992,0,0,0.46335697399527187,18.709447145462036
33,32,49,9,40,0,49,0.6785851120948792,0.43537411093711853,0.46335694193840027,0.43537411093711853,0.43537411093711853,0,0,0.46335697399527187,22.27691078186035
34,42,31,0,31,0,31,0.6805180311203003,0.4166666567325592,0.46335697174072266,0.4166666567325592,0.4166666567325592,0,0,0.46335697399527187,17.787026405334473
35,42,27,0,27,0,27,0.67719966173172,0.4691357910633087,0.46335697174072266,0.4691357910633087,0.4691357910633087,0,0,0.46335697399527187,20.118560314178467
36,39,59,19,40,0,59,0.674004077911377,0.4788135588169098,0.46335700154304504,0.4788135588169098,0.4788135588169098,0,0,0.46335697399527187,30.550631046295166
37,43,28,0,28,0,28,0.6777871251106262,0.4404761791229248,0.46335697174072266,0.4404761791229248,0.4404761791229248,0,0,0.46335697399527187,18.25595259666443
38,37,42,0,42,0,42,0.6775087118148804,0.4484126567840576,0.4633569121360779,0.4484126567840576,0.4484126567840576,0,0,0.46335697399527187,25.333495378494263
39,46,61,14,47,0,61,0.6744102835655212,0.48497268557548523,0.46335703134536743,0.48497268557548523,0.48497268557548523,0,0,0.46335697399527187,18.110028743743896
40,44,38,0,38,0,38,0.6758283376693726,0.4780701696872711,0.46335697174072266,0.4780701696872711,0.4780701696872711,0,0,0.46335697399527187,20.3681218624115
41,44,40,0,40,0,40,0.6731510162353516,0.5062500238418579,0.46335697174072266,0.5062500238418579,0.5062500238418579,0,0,0.46335697399527187,19.488786697387695
42,40,34,0,34,0,34,0.673599123954773,0.49264705181121826,0.46335697174072266,0.49264705181121826,0.49264705181121826,0,0,0.46335697399527187,16.534937620162964
43,39,53,7,46,0,53,0.6764772534370422,0.4496855139732361,0.46335700154304504,0.4496855139732361,0.4496855139732361,0,0,0.46335697399527187,16.7998046875
44,38,29,0,29,0,29,0.6768347024917603,0.45114943385124207,0.46335697174072266,0.45114943385124207,0.45114943385124207,0,0,0.46335697399527187,18.261857509613037
45,44,61,22,39,0,61,0.6731129884719849,0.4822404384613037,0.46335703134536743,0.4822404384613037,0.4822404384613037,0,0,0.46335697399527187,22.515016078948975
46,49,52,20,32,0,52,0.6755126118659973,0.4455128014087677,0.46335697174072266,0.4455128014087677,0.4455128014087677,0,0,0.46335697399527187,26.94265389442444
47,46,34,0,34,0,34,0.6772752404212952,0.4485293924808502,0.46335697174072266,0.4485293924808502,0.4485293924808502,0,0,0.46335697399527187,20.271608352661133
48,46,37,0,37,0,37,0.673011064529419,0.4887387156486511,0.46335694193840027,0.4887387156486511,0.4887387156486511,0,0,0.46335697399527187,18.74021553993225
49,48,35,0,35,0,35,0.6764326095581055,0.4595237672328949,0.46335700154304504,0.4595237672328949,0.4595237672328949,0,0,0.46335697399527187,19.71303153038025
50,47,40,0,40,0,40,0.676008939743042,0.45625001192092896,0.46335697174072266,0.45625001192092896,0.45625001192092896,0,0,0.46335697399527187,17.746911764144897
51,40,46,3,43,0,46,0.6747083067893982,0.4692028760910034,0.46335694193840027,0.4692028760910034,0.4692028760910034,0,0,0.46335697399527187,14.511255502700806
52,37,54,15,39,0,54,0.6725650429725647,0.4891975224018097,0.46335697174072266,0.4891975224018097,0.4891975224018097,0,0,0.46335697399527187,21.205251693725586
53,44,44,8,36,0,44,0.6729416251182556,0.47537878155708313,0.46335697174072266,0.47537878155708313,0.47537878155708313,0,0,0.46335697399527187,20.217178106307983
54,38,32,0,32,0,32,0.6701905131340027,0.5130208134651184,0.46335697174072266,0.5130208134651184,0.5130208134651184,0,0,0.46335697399527187,15.177043437957764
55,41,48,0,48,0,48,0.6734312176704407,0.4722221791744232,0.46335697174072266,0.4722221791744232,0.4722221791744232,0,0,0.46335697399527187,17.9709050655365
56,45,64,18,46,0,64,0.6720914840698242,0.4882812201976776,0.46335697174072266,0.4882812201976776,0.4882812201976776,0,0,0.46335697399527187,19.23359489440918
57,52,49,0,49,0,49,0.674579918384552,0.4693877696990967,0.46335694193840027,0.4693877696990967,0.4693877696990967,0,0,0.46335697399527187,18.475924015045166
58,44,30,0,30,0,30,0.6727791428565979,0.4694444239139557,0.46335697174072266,0.4694444239139557,0.4694444239139557,0,0,0.46335697399527187,16.52966547012329
59,36,32,0,32,0,32,0.6752376556396484,0.4453125,0.46335697174072266,0.4453125,0.4453125,0,0,0.46335697399527187,15.220118045806885
60,45,34,0,34,0,34,0.6757192015647888,0.4436274766921997,0.46335697174072266,0.4436274766921997,0.4436274766921997,0,0,0.46335697399527187,20.435332775115967
61,40,57,20,37,0,57,0.6740116477012634,0.44883039593696594,0.46335703134536743,0.44883039593696594,0.44883039593696594,0,0,0.46335697399527187,19.11905527114868
62,41,51,18,33,0,51,0.6684218645095825,0.5098038911819458,0.46335700154304504,0.5098038911819458,0.5098038911819458,0,0,0.46335697399527187,18.22146224975586
63,44,36,0,36,0,36,0.6726946234703064,0.4722222089767456,0.46335697174072266,0.4722222089767456,0.4722222089767456,0,0,0.46335697399527187,15.917728185653687
64,37,43,0,43,0,43,0.6700506210327148,0.4922480583190918,0.46335700154304504,0.4922480583190918,0.4922480583190918,0,0,0.46335697399527187,18.338754653930664
65,41,37,0,37,0,37,0.674811601638794,0.44819822907447815,0.46335694193840027,0.44819822907447815,0.44819822907447815,0,0,0.46335697399527187,15.138049125671387
66,37,28,0,28,0,28,0.6742944121360779,0.4494048058986664,0.46335697174072266,0.4494048058986664,0.4494048058986664,0,0,0.46335697399527187,15.908011436462402
67,37,39,7,32,0,39,0.6731650829315186,0.4572649300098419,0.46335700154304504,0.4572649300098419,0.4572649300098419,0,0,0.46335697399527187,15.403542041778564
68,47,42,10,32,0,42,0.6720848083496094,0.4702380895614624,0.46336817741394043,0.4702380895614624,0.4702380895614624,0,0,0.46335697399527187,14.017387390136719
69,32,35,0,35,0,35,0.6766479015350342,0.41904762387275696,0.46335700154304504,0.41904762387275696,0.41904762387275696,0,0,0.46335697399527187,13.73454213142395
70,45,51,7,44,0,51,0.6719529628753662,0.47058823704719543,0.4633847773075104,0.47058823704719543,0.47058823704719543,0,0,0.46335697399527187,17.6175594329834
71,46,39,0,39,0,39,0.6739814877510071,0.43376070261001587,0.46336913108825684,0.43376070261001587,0.43376070261001587,0,0,0.46335697399527187,16.85279393196106
72,49,52,16,36,0,52,0.6738879680633545,0.43429484963417053,0.46345698833465576,0.43429484963417053,0.43429484963417053,0,0,0.46335697399527187,16.44261884689331
73,40,44,0,44,0,44,0.6702389717102051,0.4943181276321411,0.4633677303791046,0.4943181276321411,0.4943181276321411,0,0,0.46335697399527187,16.323415279388428
74,45,62,22,40,0,62,0.6717780232429504,0.46236559748649597,0.4633950889110565,0.46236559748649597,0.46236559748649597,0,0,0.46335697399527187,16.70994257926941
75,53,75,32,43,0,75,0.6700071096420288,0.4744444191455841,0.4635271728038788,0.4744444191455841,0.4744444191455841,0,0,0.46335697399527187,17.270228147506714
76,35,37,2,35,0,37,0.6711926460266113,0.46171167492866516,0.4634464383125305,0.46171167492866516,0.46171167492866516,0,0,0.46335697399527187,13.827370643615723
77,50,37,0,37,0,37,0.6714287996292114,0.4819820523262024,0.46339529752731323,0.4819820523262024,0.4819820523262024,0,0,0.46335697399527187,14.784448146820068
78,42,41,9,32,0,41,0.6734365820884705,0.4390243887901306,0.4634491503238678,0.4390243887901306,0.4390243887901306,0,0,0.46335697399527187,13.52424955368042
79,41,42,0,42,0,42,0.6725132465362549,0.4543651044368744,0.4634245038032532,0.4543651044368744,0.4543651044368744,0,0,0.46335697399527187,14.184384107589722
80,49,37,0,37,0,37,0.6732381582260132,0.44594594836235046,0.4634464383125305,0.44594594836235046,0.44594594836235046,0,0,0.46335697399527187,15.806868553161621
81,40,48,0,48,0,48,0.6673135757446289,0.5,0.4634357988834381,0.5,0.5,0,0,0.46335697399527187,12.6193368434906
82,44,50,17,33,0,50,0.6671289801597595,0.49166667461395264,0.4635460674762726,0.49166667461395264,0.49166667461395264,0,0,0.46335697399527187,16.001850605010986
83,52,46,11,35,0,46,0.6681672930717468,0.4800724685192108,0.4636344611644745,0.4800724685192108,0.4800724685192108,0,0,0.46335697399527187,16.6283700466156
84,46,43,0,43,0,43,0.6690905690193176,0.47093021869659424,0.4635438621044159,0.47093021869659424,0.47093021869659424,0,0,0.46335697399527187,12.874130010604858
85,46,34,0,34,0,34,0.6681643128395081,0.49264705181121826,0.463482141494751,0.49264705181121826,0.49264705181121826,0,0,0.46335697399527187,13.797657489776611
86,47,63,24,39,0,63,0.6718230247497559,0.4417989253997803,0.4635970890522003,0.4417989253997803,0.4417989253997803,0,0,0.46382978723404256,15.7778902053833
87,43,43,8,35,0,43,0.6653278470039368,0.5232558250427246,0.4636428654193878,0.5232558250427246,0.5232558250427246,0,0,0.46335697399527187,17.051237106323242
88,46,55,25,30,0,55,0.6684937477111816,0.4742424488067627,0.4637351930141449,0.4742424488067627,0.4742424488067627,0,0,0.46382978723404256,13.681091785430908
89,40,62,16,46,0,62,0.6674570441246033,0.48252689838409424,0.4640204608440399,0.48252689838409424,0.48252689838409424,0,0,0.46382978723404256,20.048821687698364
90,48,31,0,31,0,31,0.6703946590423584,0.4516128897666931,0.46367719769477844,0.4516128897666931,0.4516128897666931,0,0,0.46382978723404256,13.526912212371826
91,46,45,13,32,0,45,0.6685094833374023,0.4740740954875946,0.46385082602500916,0.4740740954875946,0.4740740954875946,0,0,0.46382978723404256,17.96094059944153
92,52,41,2,39,0,41,0.6690937280654907,0.4715447425842285,0.46380671858787537,0.4715447425842285,0.4715447425842285,0,0,0.46382978723404256,16.517706871032715
93,43,45,0,45,0,45,0.6673162579536438,0.4851852059364319,0.4637351930141449,0.4851852059364319,0.4851852059364319,0,0,0.46382978723404256,15.953890800476074
94,41,36,0,36,0,36,0.6689345836639404,0.4722222089767456,0.46377721428871155,0.4722222089767456,0.4722222089767456,0,0,0.46382978723404256,13.211862087249756
95,46,39,0,39,0,39,0.6660513281822205,0.5021367073059082,0.46382978558540344,0.5021367073059082,0.5021367073059082,0,0,0.46382978723404256,16.47283434867859
96,44,44,5,39,0,44,0.6652790307998657,0.4886363744735718,0.4638189971446991,0.4886363744735718,0.4886363744735718,0,0,0.46382978723404256,16.287981033325195
97,41,38,3,35,0,38,0.6678313612937927,0.46929827332496643,0.4639044404029846,0.46929827332496643,0.46929827332496643,0,0,0.46382978723404256,12.805408716201782
98,47,52,22,30,0,52,0.6711164712905884,0.4262820780277252,0.46480271220207214,0.4262820780277252,0.4262820780277252,0,0,0.46430260047281324,15.579545021057129
99,46,50,22,28,0,50,0.6654003262519836,0.4833332896232605,0.4652482569217682,0.4833332896232605,0.4833332896232605,0,0,0.46430260047281324,13.555330038070679
