round,n_client_req,n_new_updates,n_ontime_updates,n_delayed_updates,n_malicious_updates,n_benign_updates,client_avg_loss_avg,client_train_acc_avg,client_test_acc_avg,benign_client_train_acc_avg,benign_client_test_acc_avg,malicious_client_train_acc_avg,malicious_client_test_acc_avg,accuracy_score,aggregator_time
0,100,36,36,0,0,36,0.6899540424346924,0.4768518805503845,0.46335697174072266,0.4768518805503845,0.4768518805503845,0,0,0.46335697399527187,9.348386764526367
1,93,73,67,6,0,73,0.6851475238800049,0.49657535552978516,0.4633569121360779,0.49657535552978516,0.49657535552978516,0,0,0.46335697399527187,8.900476932525635
2,90,55,53,2,0,55,0.6847282648086548,0.46515148878097534,0.46335694193840027,0.46515148878097534,0.46515148878097534,0,0,0.46335697399527187,9.425444841384888
3,87,59,55,4,0,59,0.6803950667381287,0.47740110754966736,0.46335700154304504,0.47740110754966736,0.47740110754966736,0,0,0.46335697399527187,13.97149395942688
4,87,35,29,6,0,35,0.6772884130477905,0.4928571283817291,0.46335700154304504,0.4928571283817291,0.4928571283817291,0,0,0.46335697399527187,9.878077507019043
5,87,40,28,12,0,40,0.6770707964897156,0.4749999940395355,0.46335697174072266,0.4749999940395355,0.4749999940395355,0,0,0.46335697399527187,14.481575012207031
6,74,59,47,12,0,59,0.6727644205093384,0.4703390300273895,0.4635332524776459,0.4703390300273895,0.4703390300273895,0,0,0.46335697399527187,13.53279972076416
7,73,61,51,10,0,61,0.6696622371673584,0.4685792028903961,0.4652017056941986,0.4685792028903961,0.4685792028903961,0,0,0.46477541371158393,12.028714418411255
8,80,62,51,11,0,62,0.665185809135437,0.5026881694793701,0.47401055693626404,0.5026881694793701,0.5026881694793701,0,0,0.47092198581560285,16.26136589050293
9,68,41,31,10,0,41,0.6646742224693298,0.5,0.49283283948898315,0.5,0.5,0,0,0.4955082742316785,13.186419248580933
10,82,45,33,12,0,45,0.6634219884872437,0.546296238899231,0.5252744555473328,0.546296238899231,0.546296238899231,0,0,0.5390070921985816,11.977099657058716
11,67,57,45,12,0,57,0.6569530963897705,0.5935673117637634,0.5798349380493164,0.5935673117637634,0.5935673117637634,0,0,0.6160756501182033,13.13955020904541
12,63,25,3,22,0,25,0.6682597398757935,0.5299999713897705,0.507290780544281,0.5299999713897705,0.5299999713897705,0,0,0.4765957446808511,10.979190826416016
13,59,17,0,17,0,17,0.6675763130187988,0.5245097875595093,0.5325267910957336,0.5245097875595093,0.5245097875595093,0,0,0.4723404255319149,7.160984039306641
14,52,25,4,21,0,25,0.6683379411697388,0.5133333802223206,0.49501654505729675,0.5133333802223206,0.5133333802223206,0,0,0.46713947990543736,12.33666706085205
15,54,48,30,18,0,48,0.6648895144462585,0.5069444179534912,0.48567771911621094,0.5069444179534912,0.5069444179534912,0,0,0.47801418439716314,14.062283277511597
16,39,24,0,24,0,24,0.6678754687309265,0.506944477558136,0.5007683634757996,0.506944477558136,0.506944477558136,0,0,0.4657210401891253,13.616259098052979
17,44,32,0,32,0,32,0.6681929230690002,0.4869791567325592,0.5306885242462158,0.4869791567325592,0.4869791567325592,0,0,0.5139479905437352,12.320953845977783
18,50,42,21,21,0,42,0.6583958864212036,0.5694444179534912,0.541427493095398,0.5694444179534912,0.5694444179534912,0,0,0.5560283687943263,13.904114246368408
19,42,44,8,36,0,44,0.6624997854232788,0.5492424368858337,0.5175155997276306,0.5492424368858337,0.5492424368858337,0,0,0.48983451536643025,15.301762104034424
20,50,35,3,32,0,35,0.6687707901000977,0.5214285850524902,0.49997973442077637,0.5214285850524902,0.5214285850524902,0,0,0.46477541371158393,18.630696058273315
21,56,46,22,24,0,46,0.6614530086517334,0.5507246255874634,0.4988488256931305,0.5507246255874634,0.5507246255874634,0,0,0.4690307328605201,14.246808528900146
22,47,49,21,28,0,49,0.6635279655456543,0.5034013986587524,0.4988082945346832,0.5034013986587524,0.5034013986587524,0,0,0.4912529550827423,15.030497789382935
23,51,42,13,29,0,42,0.6607632040977478,0.5277777910232544,0.5132613182067871,0.5277777910232544,0.5277777910232544,0,0,0.5040189125295508,13.412178754806519
24,42,26,0,26,0,26,0.6709616184234619,0.4871794879436493,0.4975086450576782,0.4871794879436493,0.4871794879436493,0,0,0.4874704491725768,12.796833038330078
25,45,37,0,37,0,37,0.6638444066047668,0.5315315127372742,0.4995974600315094,0.5315315127372742,0.5315315127372742,0,0,0.4765957446808511,17.16805076599121
26,41,53,10,43,0,53,0.6674836277961731,0.473270446062088,0.512511670589447,0.473270446062088,0.473270446062088,0,0,0.5063829787234042,17.404940128326416
27,41,42,0,42,0,42,0.6603649258613586,0.555555522441864,0.5150737762451172,0.555555522441864,0.555555522441864,0,0,0.49314420803782505,15.820449829101562
28,35,40,0,40,0,40,0.6621220111846924,0.5541666746139526,0.510886549949646,0.5541666746139526,0.5541666746139526,0,0,0.4955082742316785,13.952030420303345
29,44,42,0,42,0,42,0.6662653088569641,0.5317460298538208,0.5369919538497925,0.5317460298538208,0.5317460298538208,0,0,0.5092198581560283,14.920940637588501
30,49,29,0,29,0,29,0.6578231453895569,0.5804597735404968,0.5095622539520264,0.5804597735404968,0.5804597735404968,0,0,0.48983451536643025,12.144010543823242
31,44,42,0,42,0,42,0.6601633429527283,0.5317460894584656,0.52765953540802,0.5317460894584656,0.5317460894584656,0,0,0.5229314420803782,15.309520483016968
32,43,42,9,33,0,42,0.6558586955070496,0.5952380299568176,0.5426995158195496,0.5952380299568176,0.5952380299568176,0,0,0.5300236406619385,10.943589210510254
33,32,49,9,40,0,49,0.6607351303100586,0.5476190447807312,0.5537897348403931,0.5476190447807312,0.5476190447807312,0,0,0.5494089834515367,14.540270566940308
34,42,31,0,31,0,31,0.6633557677268982,0.5215053558349609,0.5511934757232666,0.5215053558349609,0.5215053558349609,0,0,0.5432624113475177,14.383495092391968
35,42,27,0,27,0,27,0.659026563167572,0.5555555820465088,0.5345240831375122,0.5555555820465088,0.5555555820465088,0,0,0.5290780141843971,9.511549711227417
36,39,59,19,40,0,59,0.6532622575759888,0.6200565695762634,0.5804543495178223,0.6200565695762634,0.6200565695762634,0,0,0.5943262411347517,18.74741506576538
37,43,28,0,28,0,28,0.6588684320449829,0.5535714030265808,0.5717663168907166,0.5535714030265808,0.5535714030265808,0,0,0.574468085106383,8.486643075942993
38,37,42,0,42,0,42,0.6583998799324036,0.579365074634552,0.5630530118942261,0.579365074634552,0.579365074634552,0,0,0.5550827423167849,11.78957200050354
39,46,61,14,47,0,61,0.6548287272453308,0.613387942314148,0.5684455633163452,0.613387942314148,0.613387942314148,0,0,0.601418439716312,19.380563259124756
40,44,38,0,38,0,38,0.6572451591491699,0.574561357498169,0.5491477251052856,0.574561357498169,0.574561357498169,0,0,0.5342789598108747,17.98097062110901
41,44,40,0,40,0,40,0.6530525088310242,0.6104166507720947,0.556725800037384,0.6104166507720947,0.6104166507720947,0,0,0.5319148936170213,12.155364513397217
42,40,34,0,34,0,34,0.6532407402992249,0.6004902124404907,0.5616048574447632,0.6004902124404907,0.6004902124404907,0,0,0.5659574468085107,9.594560384750366
43,39,53,7,46,0,53,0.6565278172492981,0.595911979675293,0.5798296332359314,0.595911979675293,0.595911979675293,0,0,0.5758865248226951,12.166759014129639
44,38,29,0,29,0,29,0.6572149991989136,0.5804597735404968,0.5759028196334839,0.5804597735404968,0.5804597735404968,0,0,0.5735224586288417,8.674681663513184
45,44,61,22,39,0,61,0.6516326665878296,0.6270492076873779,0.5914350748062134,0.6270492076873779,0.6270492076873779,0,0,0.6151300236406619,12.939841747283936
46,49,52,20,32,0,52,0.6544595956802368,0.6233974099159241,0.6117657423019409,0.6233974099159241,0.6233974099159241,0,0,0.6146572104018913,13.792722225189209
47,46,34,0,34,0,34,0.6581093668937683,0.5490195751190186,0.5706577897071838,0.5490195751190186,0.5490195751190186,0,0,0.5484633569739953,11.749237298965454
48,46,37,0,37,0,37,0.6518450975418091,0.587837815284729,0.5764104127883911,0.587837815284729,0.587837815284729,0,0,0.577304964539007,12.713570833206177
49,48,35,0,35,0,35,0.6566275358200073,0.5690476298332214,0.5769672393798828,0.5690476298332214,0.5690476298332214,0,0,0.5867612293144208,10.324461221694946
50,47,40,0,40,0,40,0.6559232473373413,0.6020833253860474,0.5800708532333374,0.6020833253860474,0.6020833253860474,0,0,0.5702127659574469,11.502789974212646
51,40,46,3,43,0,46,0.653845489025116,0.6032609343528748,0.5915613174438477,0.6032609343528748,0.6032609343528748,0,0,0.5938534278959811,12.29713773727417
52,37,54,15,39,0,54,0.6508126258850098,0.6219136118888855,0.6034760475158691,0.6219136118888855,0.6219136118888855,0,0,0.6222222222222222,10.791510105133057
53,44,44,8,36,0,44,0.6507763266563416,0.6439393758773804,0.6173436641693115,0.6439393758773804,0.6439393758773804,0,0,0.6222222222222222,9.880420923233032
54,38,32,0,32,0,32,0.6476349234580994,0.6536458134651184,0.6012264490127563,0.6536458134651184,0.6536458134651184,0,0,0.6023640661938534,8.925073146820068
55,41,48,0,48,0,48,0.6515505909919739,0.6076388955116272,0.6227935552597046,0.6076388955116272,0.6076388955116272,0,0,0.6321513002364066,9.998496770858765
56,45,64,18,46,0,64,0.6492242217063904,0.6653645634651184,0.6339908838272095,0.6653645634651184,0.6653645634651184,0,0,0.6397163120567376,14.369597434997559
57,52,49,0,49,0,49,0.6533920764923096,0.6241496801376343,0.6107782125473022,0.6241496801376343,0.6241496801376343,0,0,0.625531914893617,12.675581932067871
58,44,30,0,30,0,30,0.6495933532714844,0.6472222805023193,0.6330181360244751,0.6472222805023193,0.6472222805023193,0,0,0.6416075650118204,12.085519075393677
59,36,32,0,32,0,32,0.6534550189971924,0.5989583134651184,0.6419031023979187,0.5989583134651184,0.5989583134651184,0,0,0.6477541371158393,11.169343948364258
60,45,34,0,34,0,34,0.6540012955665588,0.64705890417099,0.6391599774360657,0.64705890417099,0.64705890417099,0,0,0.625531914893617,9.922980070114136
61,40,57,20,37,0,57,0.6509108543395996,0.6535087823867798,0.6623782515525818,0.6535087823867798,0.6535087823867798,0,0,0.6784869976359338,8.507378101348877
62,41,51,18,33,0,51,0.6435588598251343,0.7107843160629272,0.673035740852356,0.7107843160629272,0.7107843160629272,0,0,0.6756501182033097,9.45447301864624
63,44,36,0,36,0,36,0.6491258144378662,0.6689814329147339,0.6581166386604309,0.6689814329147339,0.6689814329147339,0,0,0.6553191489361702,8.666016101837158
64,37,43,0,43,0,43,0.6456384658813477,0.6782945394515991,0.6581560373306274,0.6782945394515991,0.6782945394515991,0,0,0.6505910165484634,8.607486963272095
65,41,37,0,37,0,37,0.6522513628005981,0.6328828930854797,0.6541051864624023,0.6328828930854797,0.6328828930854797,0,0,0.6505910165484634,9.40263319015503
66,37,28,0,28,0,28,0.6513959169387817,0.6874999403953552,0.6638973951339722,0.6874999403953552,0.6874999403953552,0,0,0.6477541371158393,10.985116004943848
67,37,39,7,32,0,39,0.649955153465271,0.6901708841323853,0.667078971862793,0.6901708841323853,0.6901708841323853,0,0,0.6761229314420804,7.874659061431885
68,47,42,10,32,0,42,0.6479496955871582,0.6984125971794128,0.6748620867729187,0.6984125971794128,0.6984125971794128,0,0,0.6780141843971631,9.308720350265503
69,32,35,0,35,0,35,0.6541128158569336,0.6452381014823914,0.6823504567146301,0.6452381014823914,0.6452381014823914,0,0,0.6860520094562648,9.033308506011963
70,45,51,7,44,0,51,0.6477097868919373,0.7009803652763367,0.6829833984375,0.7009803652763367,0.7009803652763367,0,0,0.6898345153664303,10.487021207809448
71,46,39,0,39,0,39,0.6500373482704163,0.69017094373703,0.6850214600563049,0.69017094373703,0.69017094373703,0,0,0.6964539007092199,12.46113634109497
72,49,52,16,36,0,52,0.6494781970977783,0.7291666865348816,0.7120203375816345,0.7291666865348816,0.7291666865348816,0,0,0.7210401891252955,11.014174461364746
73,40,44,0,44,0,44,0.644952118396759,0.678030252456665,0.6812700629234314,0.678030252456665,0.678030252456665,0,0,0.6940898345153664,11.186769247055054
74,45,62,22,40,0,62,0.6465529799461365,0.7244623303413391,0.7104552388191223,0.7244623303413391,0.7244623303413391,0,0,0.7210401891252955,10.282052516937256
75,53,75,32,43,0,75,0.6432347893714905,0.7522221803665161,0.7179195880889893,0.7522221803665161,0.7522221803665161,0,0,0.7347517730496453,13.419991254806519
76,35,37,2,35,0,37,0.6458197832107544,0.7432432174682617,0.7042745351791382,0.7432432174682617,0.7432432174682617,0,0,0.7073286052009456,12.017318487167358
77,50,37,0,37,0,37,0.6465277075767517,0.7094594836235046,0.6946905255317688,0.7094594836235046,0.7094594836235046,0,0,0.6988179669030733,8.884673833847046
78,42,41,9,32,0,41,0.6485981941223145,0.7276422381401062,0.7160237431526184,0.7276422381401062,0.7276422381401062,0,0,0.7262411347517731,10.118793964385986
79,41,42,0,42,0,42,0.6474741697311401,0.7341269850730896,0.7107621431350708,0.7341269850730896,0.7341269850730896,0,0,0.7111111111111111,11.05347728729248
80,49,37,0,37,0,37,0.648040235042572,0.6959459185600281,0.7105106115341187,0.6959459185600281,0.6959459185600281,0,0,0.7172576832151301,11.553997993469238
81,40,48,0,48,0,48,0.6401309967041016,0.7777777314186096,0.7166075706481934,0.7777777314186096,0.7777777314186096,0,0,0.723404255319149,12.264621257781982
82,44,50,17,33,0,50,0.6388298273086548,0.7900000214576721,0.7390071153640747,0.7900000214576721,0.7900000214576721,0,0,0.7489361702127659,12.902868270874023
83,52,46,11,35,0,46,0.6402263045310974,0.7699275016784668,0.7389248609542847,0.7699275016784668,0.7699275016784668,0,0,0.7489361702127659,11.625774621963501
84,46,43,0,43,0,43,0.6420021653175354,0.7693797945976257,0.7319918870925903,0.7693797945976257,0.7693797945976257,0,0,0.7371158392434988,10.947278022766113
85,46,34,0,34,0,34,0.6406683921813965,0.7450979948043823,0.7286747097969055,0.7450979948043823,0.7450979948043823,0,0,0.7290780141843972,12.173228740692139
86,47,63,24,39,0,63,0.644732654094696,0.7447090148925781,0.7528087496757507,0.7447090148925781,0.7447090148925781,0,0,0.759338061465721,11.434678316116333
87,43,43,8,35,0,43,0.6367160677909851,0.7674417495727539,0.741250216960907,0.7674417495727539,0.7674417495727539,0,0,0.7394799054373522,10.430890798568726
88,46,55,25,30,0,55,0.6399700045585632,0.7833333015441895,0.7607823014259338,0.7833333015441895,0.7833333015441895,0,0,0.7706855791962175,12.584906101226807
89,40,62,16,46,0,62,0.6387888789176941,0.7943548560142517,0.760230302810669,0.7943548560142517,0.7943548560142517,0,0,0.766903073286052,13.98873519897461
90,48,31,0,31,0,31,0.6433805823326111,0.7715053558349609,0.7539998292922974,0.7715053558349609,0.7715053558349609,0,0,0.7692671394799054,9.329278469085693
91,46,45,13,32,0,45,0.6396241784095764,0.7611111402511597,0.7696348428726196,0.7611111402511597,0.7611111402511597,0,0,0.7796690307328605,9.324698209762573
92,52,41,2,39,0,41,0.6412780284881592,0.7906503677368164,0.7603297829627991,0.7906503677368164,0.7906503677368164,0,0,0.759338061465721,8.322265148162842
93,43,45,0,45,0,45,0.6386074423789978,0.7611111402511597,0.7565642595291138,0.7611111402511597,0.7611111402511597,0,0,0.7569739952718676,10.990657567977905
94,41,36,0,36,0,36,0.6405389308929443,0.7800924777984619,0.7637115716934204,0.7800924777984619,0.7800924777984619,0,0,0.7621749408983451,9.72520899772644
95,46,39,0,39,0,39,0.6361695528030396,0.7905983328819275,0.7592167854309082,0.7905983328819275,0.7905983328819275,0,0,0.7569739952718676,10.91737413406372
96,44,44,5,39,0,44,0.6348984241485596,0.7935606241226196,0.7700837850570679,0.7935606241226196,0.7935606241226196,0,0,0.7735224586288416,13.92658519744873
97,41,38,3,35,0,38,0.6385236382484436,0.8026315569877625,0.7770311832427979,0.8026315569877625,0.8026315569877625,0,0,0.7900709219858156,11.665554761886597
98,47,52,22,30,0,52,0.6420777440071106,0.8092948198318481,0.8019548654556274,0.8092948198318481,0.8092948198318481,0,0,0.8108747044917257,9.998722791671753
99,46,50,22,28,0,50,0.6335849761962891,0.8216667175292969,0.8065531849861145,0.8216667175292969,0.8216667175292969,0,0,0.8080378250591016,10.84516191482544
