round,n_client_req,n_new_updates,n_ontime_updates,n_delayed_updates,n_malicious_updates,n_benign_updates,client_avg_loss_avg,client_train_acc_avg,client_test_acc_avg,benign_client_train_acc_avg,benign_client_test_acc_avg,malicious_client_train_acc_avg,malicious_client_test_acc_avg,accuracy_score,aggregator_time
0,100,36,36,0,0,36,0.6662628650665283,0.6194444298744202,0.5071805119514465,0.6194444298744202,0.6194444298744202,0,0,0.5,11.461997985839844
1,96,44,38,6,0,44,0.6431763172149658,0.6590909361839294,0.5177613496780396,0.6590909361839294,0.6590909361839294,0,0,0.528,12.04196572303772
2,91,47,44,3,0,47,0.6182464957237244,0.7127659320831299,0.5360000133514404,0.7127659320831299,0.7127659320831299,0,0,0.5,13.507676124572754
3,90,58,51,7,0,58,0.6257522702217102,0.6896551847457886,0.5486379265785217,0.6896551847457886,0.6896551847457886,0,0,0.662,11.859373569488525
4,78,71,58,13,0,71,0.5903335213661194,0.6521126627922058,0.5333169102668762,0.6521126627922058,0.6521126627922058,0,0,0.5035,16.326193809509277
5,75,60,54,6,0,60,0.5445817708969116,0.6483333706855774,0.5587500333786011,0.6483333706855774,0.6483333706855774,0,0,0.6035,12.712596893310547
6,75,22,15,7,0,22,0.5801475048065186,0.581818163394928,0.5205681920051575,0.581818163394928,0.581818163394928,0,0,0.4995,11.112070322036743
7,73,64,52,12,0,64,0.5434399247169495,0.690625011920929,0.5921484231948853,0.690625011920929,0.690625011920929,0,0,0.718,16.788243532180786
8,68,25,7,18,0,25,0.5815843343734741,0.5920000076293945,0.5427600145339966,0.5920000076293945,0.5920000076293945,0,0,0.5195,12.756394386291504
9,70,17,2,15,0,17,0.584017276763916,0.658823549747467,0.5171764492988586,0.658823549747467,0.658823549747467,0,0,0.507,15.258185386657715
10,63,11,0,11,0,11,0.6029233932495117,0.5999999642372131,0.5373636484146118,0.5999999642372131,0.5999999642372131,0,0,0.5065,8.128551959991455
11,63,23,6,17,0,23,0.5604590773582458,0.6695652008056641,0.5514348149299622,0.6695652008056641,0.6695652008056641,0,0,0.5165,10.956437587738037
12,51,12,0,12,0,12,0.5762012600898743,0.6499999761581421,0.5595000386238098,0.6499999761581421,0.6499999761581421,0,0,0.558,10.282312870025635
13,49,17,0,17,0,17,0.5562428832054138,0.688235342502594,0.5441765189170837,0.688235342502594,0.688235342502594,0,0,0.622,15.211721420288086
14,55,22,0,22,0,22,0.5566785335540771,0.6500000357627869,0.5548181533813477,0.6500000357627869,0.6500000357627869,0,0,0.5475,12.233403205871582
15,42,28,0,28,0,28,0.5739442706108093,0.675000011920929,0.5596963763237,0.675000011920929,0.675000011920929,0,0,0.56,13.516467571258545
16,36,34,0,34,0,34,0.5498781204223633,0.6764705181121826,0.5553383231163025,0.6764705181121826,0.6764705181121826,0,0,0.524,14.063242197036743
17,39,24,0,24,0,24,0.5760776400566101,0.7583333849906921,0.6161666512489319,0.7583333849906921,0.7583333849906921,0,0,0.5755,12.322237730026245
18,40,23,0,23,0,23,0.5787211060523987,0.6739130616188049,0.5393913388252258,0.6739130616188049,0.6739130616188049,0,0,0.5065,14.27304196357727
19,40,41,0,41,0,41,0.5530737042427063,0.6365853548049927,0.5524634122848511,0.6365853548049927,0.6365853548049927,0,0,0.518,14.380202054977417
20,35,36,0,36,0,36,0.5743337273597717,0.7000000476837158,0.5568333864212036,0.7000000476837158,0.7000000476837158,0,0,0.517,12.380811214447021
21,47,28,0,28,0,28,0.5438575744628906,0.7035713791847229,0.5424464344978333,0.7035713791847229,0.7035713791847229,0,0,0.509,12.109979152679443
22,27,39,0,39,0,39,0.5382710099220276,0.6384615898132324,0.5391024947166443,0.6384615898132324,0.6384615898132324,0,0,0.513,11.74101734161377
23,34,29,0,29,0,29,0.5567428469657898,0.6241379380226135,0.5795172452926636,0.6241379380226135,0.6241379380226135,0,0,0.5245,11.09476613998413
24,33,43,0,43,0,43,0.5405123233795166,0.6720930337905884,0.5653488636016846,0.6720930337905884,0.6720930337905884,0,0,0.522,13.67497730255127
25,39,43,0,43,0,43,0.5515176057815552,0.6558138728141785,0.5636162757873535,0.6558138728141785,0.6558138728141785,0,0,0.505,15.53665018081665
26,40,45,5,40,0,45,0.547766387462616,0.6733333468437195,0.5767667293548584,0.6733333468437195,0.6733333468437195,0,0,0.7175,12.683757305145264
27,42,60,21,39,0,60,0.5505400896072388,0.6533334255218506,0.5575166940689087,0.6533334255218506,0.6533334255218506,0,0,0.502,14.500515460968018
28,40,39,0,39,0,39,0.5378888249397278,0.651282012462616,0.5766153335571289,0.651282012462616,0.651282012462616,0,0,0.524,17.557132959365845
29,45,35,0,35,0,35,0.5282111167907715,0.7142857313156128,0.5699714422225952,0.7142857313156128,0.7142857313156128,0,0,0.5015,11.772584676742554
30,42,43,0,43,0,43,0.5479878783226013,0.6744186282157898,0.539406955242157,0.6744186282157898,0.6744186282157898,0,0,0.51,16.385745763778687
31,38,62,17,45,0,62,0.5293844938278198,0.6596774458885193,0.5478709936141968,0.6596774458885193,0.6596774458885193,0,0,0.4995,13.30060362815857
32,51,39,0,39,0,39,0.5457568764686584,0.6769230961799622,0.5949999690055847,0.6769230961799622,0.6769230961799622,0,0,0.518,12.551493644714355
33,33,40,2,38,0,40,0.5295829772949219,0.6349999904632568,0.5793750286102295,0.6349999904632568,0.6349999904632568,0,0,0.538,15.198037147521973
34,35,44,0,44,0,44,0.526526927947998,0.6500000357627869,0.5600113272666931,0.6500000357627869,0.6500000357627869,0,0,0.5385,13.981441974639893
35,41,48,0,48,0,48,0.5269991755485535,0.6541666388511658,0.5731249451637268,0.6541666388511658,0.6541666388511658,0,0,0.525,13.468533039093018
36,43,47,8,39,0,47,0.5115733742713928,0.6723403930664062,0.5994255542755127,0.6723403930664062,0.6723403930664062,0,0,0.549,13.579192876815796
37,44,43,2,41,0,43,0.5151228308677673,0.6790697574615479,0.581313967704773,0.6790697574615479,0.6790697574615479,0,0,0.5175,10.6077299118042
38,46,75,26,49,0,75,0.5152603387832642,0.6986666917800903,0.5946933031082153,0.6986666917800903,0.6986666917800903,0,0,0.5545,17.36602473258972
39,45,34,0,34,0,34,0.5161862373352051,0.7058824300765991,0.5876470804214478,0.7058824300765991,0.7058824300765991,0,0,0.7445,13.2942955493927
40,34,39,0,39,0,39,0.5200713872909546,0.6641026139259338,0.6008461713790894,0.6641026139259338,0.6641026139259338,0,0,0.567,12.359116792678833
41,55,40,8,32,0,40,0.5235161781311035,0.637499988079071,0.5683000087738037,0.637499988079071,0.637499988079071,0,0,0.5105,13.312910795211792
42,57,46,1,45,0,46,0.544449508190155,0.6739130616188049,0.5725978016853333,0.6739130616188049,0.6739130616188049,0,0,0.516,12.019238471984863
43,37,39,6,33,0,39,0.508565366268158,0.6435896754264832,0.5644358992576599,0.6435896754264832,0.6435896754264832,0,0,0.5295,9.558599948883057
44,53,34,0,34,0,34,0.5216553211212158,0.6735293865203857,0.5753382444381714,0.6735293865203857,0.6735293865203857,0,0,0.5345,14.547902584075928
45,42,28,0,28,0,28,0.5006174445152283,0.6428571343421936,0.5658928155899048,0.6428571343421936,0.6428571343421936,0,0,0.515,12.271222591400146
46,44,54,4,50,0,54,0.5055850744247437,0.6962962746620178,0.598120391368866,0.6962962746620178,0.6962962746620178,0,0,0.557,13.294372081756592
47,46,57,17,40,0,57,0.5138772130012512,0.7070175409317017,0.6048421263694763,0.7070175409317017,0.7070175409317017,0,0,0.5305,13.84921932220459
48,40,47,14,33,0,47,0.5321230888366699,0.6489361524581909,0.5865957140922546,0.6489361524581909,0.6489361524581909,0,0,0.546,11.982516288757324
49,40,37,0,37,0,37,0.5199677348136902,0.6891891956329346,0.584662139415741,0.6891891956329346,0.6891891956329346,0,0,0.517,15.015316009521484
50,32,28,0,28,0,28,0.5128650069236755,0.675000011920929,0.585053563117981,0.675000011920929,0.675000011920929,0,0,0.5445,12.501919746398926
51,45,37,0,37,0,37,0.5095247030258179,0.6837838292121887,0.5990810394287109,0.6837838292121887,0.6837838292121887,0,0,0.5755,12.808122873306274
52,45,36,0,36,0,36,0.5081661939620972,0.6749999523162842,0.5955833196640015,0.6749999523162842,0.6749999523162842,0,0,0.5165,12.685505390167236
53,31,44,0,44,0,44,0.5031566023826599,0.7000000476837158,0.604397714138031,0.7000000476837158,0.7000000476837158,0,0,0.5165,15.117499351501465
54,42,44,0,44,0,44,0.4963385760784149,0.6386363506317139,0.5793181657791138,0.6386363506317139,0.6386363506317139,0,0,0.5805,11.683599472045898
55,38,50,17,33,0,50,0.5139669179916382,0.690000057220459,0.6126399040222168,0.690000057220459,0.690000057220459,0,0,0.5735,17.65898585319519
56,46,67,26,41,0,67,0.4941103458404541,0.6910447478294373,0.5956642031669617,0.6910447478294373,0.6910447478294373,0,0,0.5115,11.881428003311157
57,49,44,10,34,0,44,0.5125747919082642,0.7227272391319275,0.6099545955657959,0.7227272391319275,0.7227272391319275,0,0,0.527,13.244930982589722
58,52,57,22,35,0,57,0.507739782333374,0.7105262875556946,0.6088158488273621,0.7105262875556946,0.7105262875556946,0,0,0.551,13.938037395477295
59,48,42,0,42,0,42,0.5242656469345093,0.7095237970352173,0.6204166412353516,0.7095237970352173,0.7095237970352173,0,0,0.585,11.236757755279541
60,42,30,0,30,0,30,0.4780721664428711,0.6733333468437195,0.5998499393463135,0.6733333468437195,0.6733333468437195,0,0,0.5795,15.837409496307373
61,46,30,0,30,0,30,0.5012643337249756,0.7166666388511658,0.6230166554450989,0.7166666388511658,0.7166666388511658,0,0,0.6215,15.21997880935669
62,45,33,0,33,0,33,0.4881424307823181,0.6636362671852112,0.5998333692550659,0.6636362671852112,0.6636362671852112,0,0,0.525,14.788269519805908
63,45,36,0,36,0,36,0.5105811953544617,0.7055555582046509,0.6234166622161865,0.7055555582046509,0.7055555582046509,0,0,0.595,11.658225059509277
64,37,29,0,29,0,29,0.5133431553840637,0.651724100112915,0.5699483156204224,0.651724100112915,0.651724100112915,0,0,0.513,14.217229127883911
65,43,40,0,40,0,40,0.48943638801574707,0.67249995470047,0.5843999981880188,0.67249995470047,0.67249995470047,0,0,0.523,12.012775897979736
66,37,46,0,46,0,46,0.5082194209098816,0.6521739363670349,0.5896086692810059,0.6521739363670349,0.6521739363670349,0,0,0.5605,14.84288239479065
67,41,62,20,42,0,62,0.48118725419044495,0.699999988079071,0.6122580766677856,0.699999988079071,0.699999988079071,0,0,0.5605,17.680219650268555
68,47,57,21,36,0,57,0.49852487444877625,0.6701753735542297,0.6004297733306885,0.6701753735542297,0.6701753735542297,0,0,0.528,16.41933512687683
69,43,57,22,35,0,57,0.49364763498306274,0.6964912414550781,0.6043508648872375,0.6964912414550781,0.6964912414550781,0,0,0.565,15.822855710983276
70,42,50,0,50,0,50,0.5050033330917358,0.6959999799728394,0.5985599756240845,0.6959999799728394,0.6959999799728394,0,0,0.539,18.10722327232361
71,41,45,0,45,0,45,0.5198943614959717,0.68666672706604,0.6150111556053162,0.68666672706604,0.68666672706604,0,0,0.5495,14.0951509475708
72,47,33,0,33,0,33,0.5078445076942444,0.657575786113739,0.5868030190467834,0.657575786113739,0.657575786113739,0,0,0.5335,12.608652114868164
73,39,40,0,40,0,40,0.47852182388305664,0.6974999904632568,0.6113125085830688,0.6974999904632568,0.6974999904632568,0,0,0.528,14.280265808105469
74,43,37,0,37,0,37,0.49605128169059753,0.7270269989967346,0.6066216230392456,0.7270269989967346,0.7270269989967346,0,0,0.6655,14.24005937576294
75,45,66,23,43,0,66,0.5233796834945679,0.689393937587738,0.5926742553710938,0.689393937587738,0.689393937587738,0,0,0.523,17.155174255371094
76,47,61,24,37,0,61,0.49532121419906616,0.7196721434593201,0.6186639666557312,0.7196721434593201,0.7196721434593201,0,0,0.5675,15.052170038223267
77,53,31,7,24,0,31,0.5071068406105042,0.6870967745780945,0.6066774129867554,0.6870967745780945,0.6870967745780945,0,0,0.564,15.325779438018799
78,43,41,0,41,0,41,0.506297767162323,0.7268293499946594,0.634231686592102,0.7268293499946594,0.7268293499946594,0,0,0.646,16.190767765045166
79,50,46,16,30,0,46,0.476767361164093,0.699999988079071,0.5984891057014465,0.699999988079071,0.699999988079071,0,0,0.562,16.037946701049805
80,45,37,2,35,0,37,0.4816732704639435,0.708108127117157,0.6347162127494812,0.708108127117157,0.708108127117157,0,0,0.659,12.29955244064331
81,41,27,0,27,0,27,0.48696258664131165,0.7259259223937988,0.602240800857544,0.7259259223937988,0.7259259223937988,0,0,0.531,14.405973434448242
82,45,34,0,34,0,34,0.5036826133728027,0.7588235139846802,0.6268088221549988,0.7588235139846802,0.7588235139846802,0,0,0.573,13.619150876998901
83,49,34,3,31,0,34,0.496156245470047,0.7264705896377563,0.6307500004768372,0.7264705896377563,0.7264705896377563,0,0,0.6215,15.71695590019226
84,36,44,8,36,0,44,0.48196956515312195,0.7386363744735718,0.62155681848526,0.7386363744735718,0.7386363744735718,0,0,0.5695,14.574958324432373
85,39,34,0,34,0,34,0.49107810854911804,0.6470588445663452,0.5928676724433899,0.6470588445663452,0.6470588445663452,0,0,0.5665,15.286832094192505
86,41,57,0,57,0,57,0.48835334181785583,0.7105262875556946,0.6255087852478027,0.7105262875556946,0.7105262875556946,0,0,0.5615,13.30835247039795
87,36,33,0,33,0,33,0.4904501438140869,0.6939393877983093,0.5917272567749023,0.6939393877983093,0.6939393877983093,0,0,0.535,14.550077438354492
88,44,35,6,29,0,35,0.49809712171554565,0.668571412563324,0.5940571427345276,0.668571412563324,0.668571412563324,0,0,0.5345,14.81981372833252
89,39,48,0,48,0,48,0.4938986301422119,0.7083333134651184,0.6060729026794434,0.7083333134651184,0.7083333134651184,0,0,0.5465,16.911191701889038
90,43,49,4,45,0,49,0.4742913544178009,0.7571429014205933,0.6653060913085938,0.7571429014205933,0.7571429014205933,0,0,0.7175,17.53171944618225
91,41,42,0,42,0,42,0.49352896213531494,0.723809540271759,0.642380952835083,0.723809540271759,0.723809540271759,0,0,0.596,14.280823230743408
92,50,40,2,38,0,40,0.5107325315475464,0.6899999380111694,0.614562451839447,0.6899999380111694,0.6899999380111694,0,0,0.566,17.239957094192505
93,42,51,11,40,0,51,0.4845655858516693,0.7470588684082031,0.6155195832252502,0.7470588684082031,0.7470588684082031,0,0,0.558,13.963044166564941
94,41,59,20,39,0,59,0.4928259551525116,0.7271186113357544,0.6317119002342224,0.7271186113357544,0.7271186113357544,0,0,0.5565,16.334227800369263
95,45,36,0,36,0,36,0.5102418065071106,0.699999988079071,0.6501944661140442,0.699999988079071,0.699999988079071,0,0,0.6495,13.602547883987427
96,46,36,0,36,0,36,0.48198869824409485,0.7222222089767456,0.6543055772781372,0.7222222089767456,0.7222222089767456,0,0,0.704,14.51857876777649
97,43,39,0,39,0,39,0.48228660225868225,0.735897421836853,0.6252564191818237,0.735897421836853,0.735897421836853,0,0,0.5765,15.559675216674805
98,48,33,0,33,0,33,0.5090336799621582,0.6757575869560242,0.6400908827781677,0.6757575869560242,0.6757575869560242,0,0,0.6515,14.146452188491821
99,46,52,10,42,0,52,0.5012627840042114,0.7096153497695923,0.627384603023529,0.7096153497695923,0.7096153497695923,0,0,0.524,14.454622268676758
