round,n_client_req,n_new_updates,n_ontime_updates,n_delayed_updates,n_malicious_updates,n_benign_updates,client_avg_loss_avg,client_train_acc_avg,client_test_acc_avg,benign_client_train_acc_avg,benign_client_test_acc_avg,malicious_client_train_acc_avg,malicious_client_test_acc_avg,accuracy_score,aggregator_time
0,100,36,36,0,0,36,0.6899540424346924,0.4768518805503845,0.46335697174072266,0.4768518805503845,0.4768518805503845,0,0,0.46335697399527187,0.180403470993042
1,93,71,65,6,0,71,0.6858572959899902,0.48591548204421997,0.46335697174072266,0.48591548204421997,0.48591548204421997,0,0,0.46335697399527187,0.08210229873657227
2,93,56,53,3,0,56,0.6839277148246765,0.4732142984867096,0.46335703134536743,0.4732142984867096,0.4732142984867096,0,0,0.46335697399527187,0.07150936126708984
3,97,57,54,3,0,57,0.6811785697937012,0.46929824352264404,0.46335703134536743,0.46929824352264404,0.46929824352264404,0,0,0.46335697399527187,0.1654951572418213
4,84,52,46,6,0,52,0.6803312301635742,0.4503205120563507,0.46335697174072266,0.4503205120563507,0.4503205120563507,0,0,0.46335697399527187,0.06522750854492188
5,81,25,15,10,0,25,0.6764040589332581,0.49000003933906555,0.46335697174072266,0.49000003933906555,0.49000003933906555,0,0,0.46335697399527187,0.036655426025390625
6,74,52,44,8,0,52,0.6734338402748108,0.45673078298568726,0.463429719209671,0.45673078298568726,0.45673078298568726,0,0,0.46335697399527187,0.06347274780273438
7,73,64,52,12,0,64,0.6694532036781311,0.4661458134651184,0.46437644958496094,0.4661458134651184,0.4661458134651184,0,0,0.46382978723404256,0.07073593139648438
8,70,46,34,12,0,46,0.6685472130775452,0.4746376872062683,0.46948298811912537,0.4746376872062683,0.4746376872062683,0,0,0.4690307328605201,0.05770754814147949
9,67,21,15,6,0,21,0.6632683873176575,0.5436508059501648,0.48251715302467346,0.5436508059501648,0.5436508059501648,0,0,0.4884160756501182,0.03969979286193848
10,64,29,13,16,0,29,0.6728522777557373,0.48275861144065857,0.49819841980934143,0.48275861144065857,0.48275861144065857,0,0,0.5361702127659574,0.0383298397064209
11,57,11,0,11,0,11,0.6723875403404236,0.4469697177410126,0.4879002869129181,0.4469697177410126,0.4469697177410126,0,0,0.5361702127659574,0.0039386749267578125
12,54,47,31,16,0,47,0.6599526405334473,0.576241135597229,0.5614606738090515,0.576241135597229,0.576241135597229,0,0,0.6061465721040189,0.05331611633300781
13,56,41,22,19,0,41,0.6608158349990845,0.5813008546829224,0.5786657333374023,0.5813008546829224,0.5813008546829224,0,0,0.6548463356973995,0.1610584259033203
14,54,22,0,22,0,22,0.6694715619087219,0.5454545617103577,0.5158607363700867,0.5454545617103577,0.5454545617103577,0,0,0.6548463356973995,0.0033082962036132812
15,48,48,23,25,0,48,0.6556667685508728,0.633680522441864,0.6132388114929199,0.633680522441864,0.633680522441864,0,0,0.7087470449172577,0.04753446578979492
16,44,25,3,22,0,25,0.6654126048088074,0.5566666722297668,0.5410685539245605,0.5566666722297668,0.5566666722297668,0,0,0.7598108747044917,0.030034303665161133
17,42,29,15,14,0,29,0.6536718606948853,0.6695402264595032,0.679106593132019,0.6695402264595032,0.6695402264595032,0,0,0.8004728132387707,0.0391538143157959
18,46,25,7,18,0,25,0.6559312343597412,0.65666663646698,0.6343830227851868,0.65666663646698,0.65666663646698,0,0,0.840661938534279,0.033727407455444336
19,58,61,32,29,0,61,0.6425239443778992,0.7418032288551331,0.7195442914962769,0.7418032288551331,0.7418032288551331,0,0,0.8685579196217494,0.05435371398925781
20,46,43,16,27,0,43,0.6501774191856384,0.7286821603775024,0.6850404739379883,0.7286821603775024,0.7286821603775024,0,0,0.8945626477541371,0.0401461124420166
21,39,22,0,22,0,22,0.6569861173629761,0.6250000596046448,0.596647322177887,0.6250000596046448,0.6250000596046448,0,0,0.8945626477541371,0.003727436065673828
22,47,29,0,29,0,29,0.6596786379814148,0.5948275923728943,0.5743213295936584,0.5948275923728943,0.5948275923728943,0,0,0.8945626477541371,0.004614353179931641
23,42,33,0,33,0,33,0.6574774384498596,0.5833332538604736,0.5711584091186523,0.5833332538604736,0.5833332538604736,0,0,0.8945626477541371,0.0031423568725585938
24,43,45,2,43,0,45,0.6572588682174683,0.5907407402992249,0.5996007323265076,0.5907407402992249,0.5907407402992249,0,0,0.8988179669030733,0.030246734619140625
25,39,36,0,36,0,36,0.6553680300712585,0.6666666269302368,0.6513790488243103,0.6666666269302368,0.6666666269302368,0,0,0.8988179669030733,0.005143404006958008
26,45,36,0,36,0,36,0.6622641682624817,0.6180555820465088,0.6331101655960083,0.6180555820465088,0.6180555820465088,0,0,0.8988179669030733,0.004124879837036133
27,45,36,0,36,0,36,0.6465539932250977,0.6944444179534912,0.6611111164093018,0.6944444179534912,0.6944444179534912,0,0,0.8988179669030733,0.005843162536621094
28,41,49,15,34,0,49,0.6361673474311829,0.7704081535339355,0.7392194271087646,0.7704081535339355,0.7704081535339355,0,0,0.9148936170212766,0.041646718978881836
29,45,54,13,41,0,54,0.6373858451843262,0.763888955116272,0.7576569318771362,0.763888955116272,0.763888955116272,0,0,0.9290780141843972,0.03989100456237793
30,38,47,12,35,0,47,0.6237661838531494,0.8014184832572937,0.8087822198867798,0.8014184832572937,0.8014184832572937,0,0,0.9371158392434988,0.03792834281921387
31,35,50,0,50,0,50,0.6429184675216675,0.7166666984558105,0.7029125094413757,0.7166666984558105,0.7166666984558105,0,0,0.9371158392434988,0.0033082962036132812
32,41,57,17,40,0,57,0.6303195357322693,0.7792397737503052,0.7750073075294495,0.7792397737503052,0.7792397737503052,0,0,0.9437352245862884,0.04125189781188965
33,41,40,0,40,0,40,0.6395935416221619,0.7458333373069763,0.7259219884872437,0.7458333373069763,0.7458333373069763,0,0,0.9437352245862884,0.00428462028503418
34,38,52,18,34,0,52,0.6206396818161011,0.8044872283935547,0.8077105283737183,0.8044872283935547,0.8044872283935547,0,0,0.9513002364066194,0.042613983154296875
35,50,36,0,36,0,36,0.6382685899734497,0.7615740895271301,0.7719727754592896,0.7615740895271301,0.7615740895271301,0,0,0.9513002364066194,0.002409219741821289
36,53,33,0,33,0,33,0.6297036409378052,0.7853536009788513,0.7905294299125671,0.7853536009788513,0.7853536009788513,0,0,0.9513002364066194,0.00404810905456543
37,46,63,19,44,0,63,0.6133632063865662,0.8756613731384277,0.8629066944122314,0.8756613731384277,0.8756613731384277,0,0,0.9574468085106383,0.04224658012390137
38,53,41,0,41,0,41,0.6176189184188843,0.8739836812019348,0.8320589661598206,0.8739836812019348,0.8739836812019348,0,0,0.9574468085106383,0.0026946067810058594
39,51,67,30,37,0,67,0.6100180745124817,0.9029850959777832,0.9032637476921082,0.9029850959777832,0.9029850959777832,0,0,0.9640661938534278,0.053801536560058594
40,48,31,0,31,0,31,0.6166008710861206,0.8709678053855896,0.8456951379776001,0.8709678053855896,0.8709678053855896,0,0,0.9640661938534278,0.003989696502685547
41,53,37,3,34,0,37,0.6072692275047302,0.9279279708862305,0.9141013622283936,0.9279279708862305,0.9279279708862305,0,0,0.9702127659574468,0.03308844566345215
42,39,65,18,47,0,65,0.6034375429153442,0.9102564454078674,0.9153300523757935,0.9102564454078674,0.9102564454078674,0,0,0.9730496453900709,0.04233527183532715
43,44,54,13,41,0,54,0.6049492955207825,0.9320988655090332,0.9241222143173218,0.9320988655090332,0.9320988655090332,0,0,0.9749408983451536,0.0399174690246582
44,45,40,0,40,0,40,0.6010899543762207,0.925000011920929,0.9343972206115723,0.925000011920929,0.925000011920929,0,0,0.9749408983451536,0.0042192935943603516
45,47,31,0,31,0,31,0.6053267121315002,0.9354838728904724,0.9291542768478394,0.9354838728904724,0.9354838728904724,0,0,0.9749408983451536,0.003293752670288086
46,37,42,0,42,0,42,0.6011409759521484,0.9404762983322144,0.9350670576095581,0.9404762983322144,0.9404762983322144,0,0,0.9749408983451536,0.006588459014892578
47,55,57,13,44,0,57,0.6023592352867126,0.9181287288665771,0.9412633776664734,0.9181287288665771,0.9181287288665771,0,0,0.9777777777777777,0.03938460350036621
48,58,42,2,40,0,42,0.5929346084594727,0.944444477558136,0.945885419845581,0.944444477558136,0.944444477558136,0,0,0.9787234042553191,0.027615785598754883
49,42,41,0,41,0,41,0.5938823819160461,0.955284595489502,0.9470911026000977,0.955284595489502,0.955284595489502,0,0,0.9787234042553191,0.004317283630371094
50,48,37,0,37,0,37,0.5913886427879333,0.9572072625160217,0.946188747882843,0.9572072625160217,0.9572072625160217,0,0,0.9787234042553191,0.0024840831756591797
51,44,49,17,32,0,49,0.5809019207954407,0.9591837525367737,0.9621555805206299,0.9591837525367737,0.9591837525367737,0,0,0.9815602836879432,0.0411677360534668
52,44,57,9,48,0,57,0.5807287693023682,0.9663743376731873,0.9536393880844116,0.9663743376731873,0.9663743376731873,0,0,0.9820330969267139,0.03579115867614746
53,43,42,0,42,0,42,0.5897402167320251,0.9563491344451904,0.9576043486595154,0.9563491344451904,0.9563491344451904,0,0,0.9820330969267139,0.002795696258544922
54,52,58,17,41,0,58,0.5752338171005249,0.9640804529190063,0.9640253782272339,0.9640804529190063,0.9640804529190063,0,0,0.9825059101654846,0.15689730644226074
55,47,54,16,38,0,54,0.5708600878715515,0.9768518805503845,0.9716312289237976,0.9768518805503845,0.9768518805503845,0,0,0.983451536643026,0.041596174240112305
56,48,38,0,38,0,38,0.5745108127593994,0.9692981839179993,0.9665421843528748,0.9692981839179993,0.9692981839179993,0,0,0.983451536643026,0.0041730403900146484
57,44,62,18,44,0,62,0.5640966892242432,0.971774160861969,0.9723403453826904,0.971774160861969,0.971774160861969,0,0,0.983451536643026,0.04087185859680176
58,37,33,0,33,0,33,0.5762749314308167,0.9823232889175415,0.9723905920982361,0.9823232889175415,0.9823232889175415,0,0,0.983451536643026,0.0059621334075927734
59,49,65,23,42,0,65,0.5572274327278137,0.9769230484962463,0.9763811826705933,0.9769230484962463,0.9769230484962463,0,0,0.9853427895981087,0.049777984619140625
60,56,36,8,28,0,36,0.5549912452697754,0.9745370149612427,0.9745075702667236,0.9745370149612427,0.9745370149612427,0,0,0.9853427895981087,0.03513622283935547
61,42,45,2,43,0,45,0.5640071034431458,0.9685185551643372,0.9732702374458313,0.9685185551643372,0.9685185551643372,0,0,0.9867612293144208,0.028221845626831055
62,43,35,0,35,0,35,0.5670601725578308,0.9761905074119568,0.9749003648757935,0.9761905074119568,0.9761905074119568,0,0,0.9867612293144208,0.003207683563232422
63,48,41,4,37,0,41,0.5503448247909546,0.9735773801803589,0.9780660271644592,0.9735773801803589,0.9735773801803589,0,0,0.9872340425531915,0.0318756103515625
64,45,55,24,31,0,55,0.5381091237068176,0.9787878394126892,0.9837694764137268,0.9787878394126892,0.9787878394126892,0,0,0.9872340425531915,0.049025535583496094
65,48,68,17,51,0,68,0.5447306036949158,0.9754902124404907,0.9804270267486572,0.9754902124404907,0.9754902124404907,0,0,0.9891252955082742,0.04318857192993164
66,56,63,28,35,0,63,0.5369616150856018,0.9894179701805115,0.983826756477356,0.9894179701805115,0.9894179701805115,0,0,0.9914893617021276,0.05003690719604492
67,47,55,19,36,0,55,0.5406277775764465,0.9878787398338318,0.9830818772315979,0.9878787398338318,0.9878787398338318,0,0,0.9914893617021276,0.04287838935852051
68,53,51,16,35,0,51,0.5358002185821533,0.9918301105499268,0.9845640659332275,0.9918301105499268,0.9918301105499268,0,0,0.9914893617021276,0.04168272018432617
69,45,38,14,24,0,38,0.544411838054657,0.9780701994895935,0.9834888577461243,0.9780701994895935,0.9780701994895935,0,0,0.9919621749408983,0.03851199150085449
70,54,43,0,43,0,43,0.5463296175003052,0.9806200861930847,0.9821760654449463,0.9806200861930847,0.9806200861930847,0,0,0.9919621749408983,0.003458261489868164
71,50,58,17,41,0,58,0.5322031378746033,0.9870689511299133,0.9861090183258057,0.9870689511299133,0.9870689511299133,0,0,0.9919621749408983,0.04302787780761719
72,53,59,28,31,0,59,0.5079631209373474,0.9774011969566345,0.9900950193405151,0.9774011969566345,0.9774011969566345,0,0,0.9929078014184397,0.05074572563171387
73,47,65,26,39,0,65,0.5171555876731873,0.9833333492279053,0.988070547580719,0.9833333492279053,0.9833333492279053,0,0,0.9933806146572104,0.058403968811035156
74,50,41,0,41,0,41,0.5372876524925232,0.9776424169540405,0.9848930835723877,0.9776424169540405,0.9776424169540405,0,0,0.9933806146572104,0.003197908401489258
75,38,30,0,30,0,30,0.5384594798088074,0.980555534362793,0.9843814373016357,0.980555534362793,0.980555534362793,0,0,0.9933806146572104,0.004477739334106445
76,45,38,0,38,0,38,0.53616863489151,0.9890349507331848,0.9865622520446777,0.9890349507331848,0.9890349507331848,0,0,0.9933806146572104,0.003703594207763672
77,39,39,0,39,0,39,0.5289635062217712,0.9871794581413269,0.9873188734054565,0.9871794581413269,0.9871794581413269,0,0,0.9933806146572104,0.0038466453552246094
78,48,26,0,26,0,26,0.5095681548118591,0.9935896992683411,0.9882524013519287,0.9935896992683411,0.9935896992683411,0,0,0.9933806146572104,0.0030753612518310547
79,48,49,0,49,0,49,0.5150977373123169,0.9863945841789246,0.9880735278129578,0.9863945841789246,0.9863945841789246,0,0,0.9933806146572104,0.004712581634521484
80,48,48,17,31,0,48,0.49321094155311584,0.989583432674408,0.9903664588928223,0.989583432674408,0.989583432674408,0,0,0.9933806146572104,0.04322934150695801
81,46,32,0,32,0,32,0.5190441608428955,0.9869791269302368,0.9888445138931274,0.9869791269302368,0.9869791269302368,0,0,0.9933806146572104,0.006812334060668945
82,37,49,13,36,0,49,0.5071746706962585,0.9846938848495483,0.9907270669937134,0.9846938848495483,0.9846938848495483,0,0,0.9947990543735225,0.03734016418457031
83,41,23,0,23,0,23,0.5173769593238831,0.9855071902275085,0.989433765411377,0.9855071902275085,0.9855071902275085,0,0,0.9947990543735225,0.0034661293029785156
84,46,36,0,36,0,36,0.5030057430267334,0.9861111044883728,0.9901365637779236,0.9861111044883728,0.9861111044883728,0,0,0.9947990543735225,0.0031120777130126953
85,42,47,7,40,0,47,0.4923930764198303,0.9964539408683777,0.991690456867218,0.9964539408683777,0.9964539408683777,0,0,0.9938534278959811,0.03342103958129883
86,37,23,0,23,0,23,0.5008817911148071,0.9927535653114319,0.9926404356956482,0.9927535653114319,0.9927535653114319,0,0,0.9938534278959811,0.0027985572814941406
87,48,52,11,41,0,52,0.4926290810108185,0.9935897588729858,0.9921076893806458,0.9935897588729858,0.9935897588729858,0,0,0.9938534278959811,0.03749728202819824
88,42,53,0,53,0,53,0.4953736662864685,0.985849142074585,0.9922834634780884,0.985849142074585,0.985849142074585,0,0,0.9938534278959811,0.0033805370330810547
89,49,44,0,44,0,44,0.49273231625556946,0.9848485589027405,0.9921663403511047,0.9848485589027405,0.9848485589027405,0,0,0.9938534278959811,0.004960536956787109
90,41,36,0,36,0,36,0.4789064824581146,0.9930555820465088,0.9924218654632568,0.9930555820465088,0.9930555820465088,0,0,0.9938534278959811,0.003014087677001953
91,34,30,0,30,0,30,0.4808846116065979,0.9944444298744202,0.9932072758674622,0.9944444298744202,0.9944444298744202,0,0,0.9938534278959811,0.0036187171936035156
92,33,55,9,46,0,55,0.485330730676651,0.9893940091133118,0.9933377504348755,0.9893940091133118,0.9893940091133118,0,0,0.9943262411347518,0.03524661064147949
93,48,62,21,41,0,62,0.48142051696777344,0.9919355511665344,0.9937237501144409,0.9919355511665344,0.9919355511665344,0,0,0.9947990543735225,0.048055410385131836
94,45,46,7,39,0,46,0.48750439286231995,0.9927536249160767,0.9939767718315125,0.9927536249160767,0.9927536249160767,0,0,0.9947990543735225,0.034147024154663086
95,49,40,4,36,0,40,0.479623019695282,0.9937499761581421,0.9938416481018066,0.9937499761581421,0.9937499761581421,0,0,0.9957446808510638,0.031248092651367188
96,37,41,0,41,0,41,0.4824024438858032,0.9918699264526367,0.9937727451324463,0.9918699264526367,0.9918699264526367,0,0,0.9957446808510638,0.004186391830444336
97,41,35,0,35,0,35,0.4866838753223419,0.9976189732551575,0.9936643242835999,0.9976189732551575,0.9976189732551575,0,0,0.9957446808510638,0.003984928131103516
98,43,37,0,37,0,37,0.48170697689056396,0.9842342734336853,0.9938918352127075,0.9842342734336853,0.9842342734336853,0,0,0.9957446808510638,0.0025131702423095703
99,48,55,17,38,0,55,0.46385812759399414,0.9833332896232605,0.9947217106819153,0.9833332896232605,0.9833332896232605,0,0,0.9957446808510638,0.15420985221862793
