round,n_client_req,n_new_updates,n_ontime_updates,n_delayed_updates,n_malicious_updates,n_benign_updates,client_avg_loss_avg,client_train_acc_avg,client_test_acc_avg,benign_client_train_acc_avg,benign_client_test_acc_avg,malicious_client_train_acc_avg,malicious_client_test_acc_avg,accuracy_score,aggregator_time
0,100,36,36,0,0,36,0.6899540424346924,0.4768518805503845,0.46335697174072266,0.4768518805503845,0.4768518805503845,0,0,0.46335697399527187,4.0461037158966064
1,93,43,37,6,0,43,0.6868866086006165,0.47674423456192017,0.46335700154304504,0.47674423456192017,0.47674423456192017,0,0,0.46335697399527187,4.474792003631592
2,89,57,53,4,0,57,0.6840431094169617,0.48245614767074585,0.46335703134536743,0.48245614767074585,0.48245614767074585,0,0,0.46335697399527187,5.232061386108398
3,86,66,62,4,0,66,0.6820873022079468,0.46590906381607056,0.46335697174072266,0.46590906381607056,0.46590906381607056,0,0,0.46335697399527187,5.696607828140259
4,85,31,20,11,0,31,0.6784297227859497,0.5161290168762207,0.46335697174072266,0.5161290168762207,0.5161290168762207,0,0,0.46335697399527187,3.2252249717712402
5,85,58,47,11,0,58,0.6787415742874146,0.48419538140296936,0.46335700154304504,0.48419538140296936,0.48419538140296936,0,0,0.46335697399527187,3.445852279663086
6,75,43,35,8,0,43,0.6792398691177368,0.44961240887641907,0.46335700154304504,0.44961240887641907,0.44961240887641907,0,0,0.46335697399527187,4.41562819480896
7,72,28,21,7,0,28,0.6739286184310913,0.4851190745830536,0.46335697174072266,0.4851190745830536,0.4851190745830536,0,0,0.46335697399527187,3.254631996154785
8,64,13,3,10,0,13,0.6796494722366333,0.4615384638309479,0.46335697174072266,0.4615384638309479,0.4615384638309479,0,0,0.46335697399527187,2.0066463947296143
9,63,49,33,16,0,49,0.6767230033874512,0.47789111733436584,0.46335694193840027,0.47789111733436584,0.47789111733436584,0,0,0.46335697399527187,5.6217873096466064
10,65,38,32,6,0,38,0.6770433187484741,0.4561403691768646,0.46335697174072266,0.4561403691768646,0.4561403691768646,0,0,0.46335697399527187,4.280791759490967
11,53,22,3,19,0,22,0.6812562942504883,0.40909090638160706,0.46335697174072266,0.40909090638160706,0.40909090638160706,0,0,0.46335697399527187,1.8871221542358398
12,54,41,24,17,0,41,0.6761069893836975,0.4654471278190613,0.46335694193840027,0.4654471278190613,0.4654471278190613,0,0,0.46335697399527187,3.8326504230499268
13,47,31,15,16,0,31,0.6764856576919556,0.4489247500896454,0.46335697174072266,0.4489247500896454,0.4489247500896454,0,0,0.46335697399527187,1.9875569343566895
14,55,21,0,21,0,21,0.6758109331130981,0.4960317611694336,0.46335697174072266,0.4960317611694336,0.4960317611694336,0,0,0.46335697399527187,2.865906000137329
15,47,18,0,18,0,18,0.6806783080101013,0.4583333432674408,0.46335697174072266,0.4583333432674408,0.4583333432674408,0,0,0.46335697399527187,2.8994534015655518
16,51,40,0,40,0,40,0.6734681725502014,0.5104166269302368,0.46335697174072266,0.5104166269302368,0.5104166269302368,0,0,0.46335697399527187,4.098769187927246
17,50,30,10,20,0,30,0.6746424436569214,0.4888888895511627,0.46335697174072266,0.4888888895511627,0.4888888895511627,0,0,0.46335697399527187,3.39497971534729
18,40,24,0,24,0,24,0.6787251830101013,0.4583333730697632,0.46335697174072266,0.4583333730697632,0.4583333730697632,0,0,0.46335697399527187,1.8929004669189453
19,39,64,16,48,0,64,0.6763797402381897,0.48046875,0.46335697174072266,0.48046875,0.48046875,0,0,0.46335697399527187,6.4037251472473145
20,46,41,0,41,0,41,0.6798204183578491,0.45325204730033875,0.46335694193840027,0.45325204730033875,0.45325204730033875,0,0,0.46335697399527187,3.9441769123077393
21,46,30,0,30,0,30,0.6807113885879517,0.43611106276512146,0.46337273716926575,0.43611106276512146,0.43611106276512146,0,0,0.46335697399527187,2.5958733558654785
22,41,46,0,46,0,46,0.6715618371963501,0.5163043737411499,0.463367223739624,0.5163043737411499,0.5163043737411499,0,0,0.46335697399527187,3.881957530975342
23,46,42,11,31,0,42,0.6750425100326538,0.4821428656578064,0.4633569121360779,0.4821428656578064,0.4821428656578064,0,0,0.46335697399527187,3.200531244277954
24,43,53,16,37,0,53,0.6787591576576233,0.4229559600353241,0.46336591243743896,0.4229559600353241,0.4229559600353241,0,0,0.46335697399527187,5.09248423576355
25,44,40,0,40,0,40,0.675994873046875,0.4833333492279053,0.46335697174072266,0.4833333492279053,0.4833333492279053,0,0,0.46335697399527187,3.198251247406006
26,50,43,0,43,0,43,0.6761533617973328,0.4689922630786896,0.46335700154304504,0.4689922630786896,0.4689922630786896,0,0,0.46335697399527187,3.806818723678589
27,41,39,6,33,0,39,0.6745486855506897,0.46794870495796204,0.46335700154304504,0.46794870495796204,0.46794870495796204,0,0,0.46335697399527187,3.740042209625244
28,45,63,24,39,0,63,0.6731959581375122,0.4867725074291229,0.46338698267936707,0.4867725074291229,0.4867725074291229,0,0,0.46335697399527187,4.999205112457275
29,37,48,12,36,0,48,0.6732922196388245,0.4756944179534912,0.4634062349796295,0.4756944179534912,0.4756944179534912,0,0,0.46335697399527187,3.762863874435425
30,40,39,0,39,0,39,0.674717128276825,0.4829060137271881,0.46336913108825684,0.4829060137271881,0.4829060137271881,0,0,0.46335697399527187,2.981588363647461
31,37,37,1,36,0,37,0.6716370582580566,0.4887387156486511,0.46335694193840027,0.4887387156486511,0.4887387156486511,0,0,0.46335697399527187,2.975445508956909
32,40,26,0,26,0,26,0.6753823161125183,0.45192307233810425,0.46337515115737915,0.45192307233810425,0.45192307233810425,0,0,0.46335697399527187,2.5418131351470947
33,45,30,0,30,0,30,0.6717461943626404,0.49166664481163025,0.46337273716926575,0.49166664481163025,0.49166664481163025,0,0,0.46335697399527187,2.437206983566284
34,47,58,19,39,0,58,0.6739009618759155,0.4482758939266205,0.46337324380874634,0.4482758939266205,0.4482758939266205,0,0,0.46335697399527187,4.643977165222168
35,42,38,3,35,0,38,0.670393168926239,0.49342110753059387,0.4633818566799164,0.49342110753059387,0.49342110753059387,0,0,0.46335697399527187,3.072725296020508
36,46,43,0,43,0,43,0.6721646785736084,0.4844960868358612,0.4633789360523224,0.4844960868358612,0.4844960868358612,0,0,0.46335697399527187,3.770371675491333
37,41,44,1,43,0,44,0.6726968288421631,0.47159096598625183,0.4633784592151642,0.47159096598625183,0.47159096598625183,0,0,0.46335697399527187,3.76416015625
38,48,38,0,38,0,38,0.6751773357391357,0.4364035129547119,0.4634440541267395,0.4364035129547119,0.4364035129547119,0,0,0.46335697399527187,3.8922312259674072
39,36,64,11,53,0,64,0.6709500551223755,0.4817708730697632,0.46346038579940796,0.4817708730697632,0.4817708730697632,0,0,0.46335697399527187,3.9397194385528564
40,47,36,0,36,0,36,0.6724101901054382,0.4537036716938019,0.4634620249271393,0.4537036716938019,0.4537036716938019,0,0,0.46335697399527187,2.9357900619506836
41,40,40,0,40,0,40,0.6744279861450195,0.43958336114883423,0.4634397029876709,0.43958336114883423,0.43958336114883423,0,0,0.46335697399527187,3.1909520626068115
42,41,31,0,31,0,31,0.6698956489562988,0.494623601436615,0.46340271830558777,0.494623601436615,0.494623601436615,0,0,0.46335697399527187,3.4367122650146484
43,40,39,0,39,0,39,0.6693710684776306,0.4893161952495575,0.4634903073310852,0.4893161952495575,0.4893161952495575,0,0,0.46335697399527187,3.713526487350464
44,47,60,27,33,0,60,0.6704892516136169,0.47083333134651184,0.4637824594974518,0.47083333134651184,0.47083333134651184,0,0,0.46335697399527187,5.447030067443848
45,44,26,0,26,0,26,0.6694369912147522,0.4967948794364929,0.46352067589759827,0.4967948794364929,0.4967948794364929,0,0,0.46335697399527187,2.9040141105651855
46,39,37,4,33,0,37,0.6695497035980225,0.46846848726272583,0.4636380970478058,0.46846848726272583,0.46846848726272583,0,0,0.46335697399527187,2.900930643081665
47,41,43,2,41,0,43,0.6752493977546692,0.4166666865348816,0.4636758267879486,0.4166666865348816,0.4166666865348816,0,0,0.46335697399527187,4.4359002113342285
48,35,38,0,38,0,38,0.6727955341339111,0.4451754093170166,0.4639168679714203,0.4451754093170166,0.4451754093170166,0,0,0.46335697399527187,3.431711196899414
49,40,44,0,44,0,44,0.6702901721000671,0.4791666865348816,0.46371155977249146,0.4791666865348816,0.4791666865348816,0,0,0.46335697399527187,3.839543342590332
50,41,43,0,43,0,43,0.6722816824913025,0.4476744532585144,0.4639837145805359,0.4476744532585144,0.4476744532585144,0,0,0.46335697399527187,3.6677768230438232
51,44,50,17,33,0,50,0.6667253375053406,0.4833333194255829,0.46450120210647583,0.4833333194255829,0.4833333194255829,0,0,0.46382978723404256,4.262082815170288
52,43,29,0,29,0,29,0.6648563742637634,0.5258620977401733,0.46371564269065857,0.5258620977401733,0.5258620977401733,0,0,0.46335697399527187,3.388044834136963
53,42,46,13,33,0,46,0.6645925045013428,0.5181159377098083,0.46415871381759644,0.5181159377098083,0.5181159377098083,0,0,0.46382978723404256,3.4143526554107666
54,41,32,0,32,0,32,0.6676830649375916,0.4791666865348816,0.46399229764938354,0.4791666865348816,0.4791666865348816,0,0,0.46382978723404256,3.8358473777770996
55,42,39,2,37,0,39,0.6681740880012512,0.4722222089767456,0.464387446641922,0.4722222089767456,0.4722222089767456,0,0,0.46382978723404256,3.627006769180298
56,41,35,0,35,0,35,0.6663966178894043,0.4928571283817291,0.4643295705318451,0.4928571283817291,0.4928571283817291,0,0,0.46382978723404256,5.172872066497803
57,40,51,12,39,0,51,0.6680746674537659,0.45588240027427673,0.46526679396629333,0.45588240027427673,0.45588240027427673,0,0,0.46382978723404256,4.302680015563965
58,39,28,0,28,0,28,0.6653028130531311,0.4851190447807312,0.46448829770088196,0.4851190447807312,0.4851190447807312,0,0,0.46382978723404256,4.236525774002075
59,38,46,0,46,0,46,0.6697093844413757,0.45108696818351746,0.46552571654319763,0.45108696818351746,0.45108696818351746,0,0,0.46382978723404256,5.211384534835815
60,44,31,0,31,0,31,0.6683928370475769,0.4650537371635437,0.46561428904533386,0.4650537371635437,0.4650537371635437,0,0,0.46430260047281324,3.771029472351074
61,39,45,0,45,0,45,0.6665229201316833,0.4740740954875946,0.46526920795440674,0.4740740954875946,0.4740740954875946,0,0,0.46382978723404256,5.103420734405518
62,45,58,0,58,0,58,0.6688157320022583,0.4497126638889313,0.46585965156555176,0.4497126638889313,0.4497126638889313,0,0,0.46430260047281324,6.041673898696899
63,37,39,0,39,0,39,0.6673924922943115,0.4594016969203949,0.4665575325489044,0.4594016969203949,0.4594016969203949,0,0,0.46477541371158393,4.34452748298645
64,55,34,0,34,0,34,0.6655430793762207,0.46568626165390015,0.4671255946159363,0.46568626165390015,0.46568626165390015,0,0,0.4657210401891253,3.978691816329956
65,37,48,1,47,0,48,0.6659820675849915,0.4670138657093048,0.4666863679885864,0.4670138657093048,0.4670138657093048,0,0,0.46477541371158393,4.838230848312378
66,44,47,0,47,0,47,0.6616986989974976,0.5283688306808472,0.4673607647418976,0.5283688306808472,0.5283688306808472,0,0,0.4652482269503546,6.060853958129883
67,38,39,0,39,0,39,0.6663414239883423,0.46581193804740906,0.4677092730998993,0.46581193804740906,0.46581193804740906,0,0,0.4657210401891253,4.204777717590332
68,41,57,18,39,0,57,0.6653193831443787,0.46198827028274536,0.4709468185901642,0.46198827028274536,0.46198827028274536,0,0,0.46713947990543736,5.276935815811157
69,39,56,19,37,0,56,0.6645551919937134,0.4776785671710968,0.47677305340766907,0.4776785671710968,0.4776785671710968,0,0,0.47092198581560285,2.7312848567962646
70,36,33,0,33,0,33,0.6644070148468018,0.4949495196342468,0.4687441885471344,0.4949495196342468,0.4949495196342468,0,0,0.466193853427896,3.1280832290649414
71,42,44,0,44,0,44,0.6643698215484619,0.47537878155708313,0.47067487239837646,0.47537878155708313,0.47537878155708313,0,0,0.46713947990543736,5.919501066207886
72,39,43,6,37,0,43,0.6672292351722717,0.4554263651371002,0.47518831491470337,0.4554263651371002,0.4554263651371002,0,0,0.4699763593380615,2.804615020751953
73,43,37,1,36,0,37,0.6657323837280273,0.46396395564079285,0.47311994433403015,0.46396395564079285,0.46396395564079285,0,0,0.4685579196217494,6.514546155929565
74,38,41,3,38,0,41,0.6607750058174133,0.522357702255249,0.4752926230430603,0.522357702255249,0.522357702255249,0,0,0.4685579196217494,5.310779333114624
75,54,45,6,39,0,45,0.6649276614189148,0.4685184955596924,0.47460997104644775,0.4685184955596924,0.4685184955596924,0,0,0.4699763593380615,6.105302572250366
76,44,43,0,43,0,43,0.662692666053772,0.5038759708404541,0.47331908345222473,0.5038759708404541,0.5038759708404541,0,0,0.4685579196217494,3.7065584659576416
77,43,67,21,46,0,67,0.6630544066429138,0.4776118993759155,0.48254474997520447,0.4776118993759155,0.4776118993759155,0,0,0.4765957446808511,7.634907245635986
78,39,44,0,44,0,44,0.660875678062439,0.49621209502220154,0.4755641222000122,0.49621209502220154,0.49621209502220154,0,0,0.4695035460992908,3.4391160011291504
79,49,53,11,42,0,53,0.662871241569519,0.4795597791671753,0.48325082659721375,0.4795597791671753,0.4795597791671753,0,0,0.47754137115839246,4.117010593414307
80,38,55,13,42,0,55,0.6602657437324524,0.510606050491333,0.48656779527664185,0.510606050491333,0.510606050491333,0,0,0.47754137115839246,5.779269456863403
81,48,30,0,30,0,30,0.6604331731796265,0.5083333253860474,0.4792276918888092,0.5083333253860474,0.5083333253860474,0,0,0.4723404255319149,3.3360958099365234
82,36,48,15,33,0,48,0.6599479913711548,0.5121527910232544,0.4880516231060028,0.5121527910232544,0.5121527910232544,0,0,0.48605200945626476,5.353100061416626
83,48,28,0,28,0,28,0.660180926322937,0.5148809552192688,0.4841438829898834,0.5148809552192688,0.5148809552192688,0,0,0.47706855791962177,3.4886512756347656
84,53,64,30,34,0,64,0.6621513366699219,0.4947916269302368,0.49957889318466187,0.4947916269302368,0.4947916269302368,0,0,0.49361702127659574,6.312503099441528
85,63,47,19,28,0,47,0.6596869230270386,0.5248226523399353,0.5119762420654297,0.5248226523399353,0.5248226523399353,0,0,0.5030732860520094,4.806108474731445
86,46,54,20,34,0,54,0.6594272255897522,0.5370370149612427,0.5136940479278564,0.5370370149612427,0.5370370149612427,0,0,0.5035460992907801,5.857074022293091
87,43,56,20,36,0,56,0.6563858985900879,0.5565476417541504,0.5220617651939392,0.5565476417541504,0.5565476417541504,0,0,0.509692671394799,5.966033697128296
88,48,36,8,28,0,36,0.6620806455612183,0.49074071645736694,0.5168636441230774,0.49074071645736694,0.49074071645736694,0,0,0.5087470449172576,3.020371913909912
89,39,34,0,34,0,34,0.6590743064880371,0.5147058963775635,0.49770545959472656,0.5147058963775635,0.5147058963775635,0,0,0.49645390070921985,5.078352212905884
90,50,62,29,33,0,62,0.6587567925453186,0.5322580933570862,0.5152901411056519,0.5322580933570862,0.5322580933570862,0,0,0.5078014184397163,6.418605804443359
91,43,41,0,41,0,41,0.6586892604827881,0.5406504273414612,0.5012166500091553,0.5406504273414612,0.5406504273414612,0,0,0.49314420803782505,5.7688307762146
92,49,35,0,35,0,35,0.6598740220069885,0.5214285850524902,0.5107869505882263,0.5214285850524902,0.5214285850524902,0,0,0.5035460992907801,4.4285728931427
93,38,58,18,40,0,58,0.6557218432426453,0.5545977354049683,0.5210890769958496,0.5545977354049683,0.5545977354049683,0,0,0.5106382978723404,5.852582931518555
94,47,37,0,37,0,37,0.6552289128303528,0.551801860332489,0.5144079923629761,0.551801860332489,0.551801860332489,0,0,0.5044917257683215,3.8948028087615967
95,50,37,11,26,0,37,0.6553214192390442,0.5810810923576355,0.5297424793243408,0.5810810923576355,0.5810810923576355,0,0,0.5177304964539007,5.340426445007324
96,48,32,0,32,0,32,0.6579632759094238,0.5651041865348816,0.5435874462127686,0.5651041865348816,0.5651041865348816,0,0,0.532387706855792,4.455814599990845
97,43,52,0,52,0,52,0.6570597290992737,0.5432692170143127,0.530551016330719,0.5432692170143127,0.5432692170143127,0,0,0.518676122931442,5.523120164871216
98,39,48,7,41,0,48,0.6542789340019226,0.5590277910232544,0.5271867513656616,0.5590277910232544,0.5590277910232544,0,0,0.5167848699763593,5.1712939739227295
99,45,36,0,36,0,36,0.6565420031547546,0.5717592835426331,0.5297872424125671,0.5717592835426331,0.5717592835426331,0,0,0.5205673758865248,4.328418731689453
