round,n_client_req,n_new_updates,n_ontime_updates,n_delayed_updates,n_malicious_updates,n_benign_updates,client_avg_loss_avg,client_train_acc_avg,client_test_acc_avg,benign_client_train_acc_avg,benign_client_test_acc_avg,malicious_client_train_acc_avg,malicious_client_test_acc_avg,accuracy_score,aggregator_time
0,100,36,36,0,0,36,0.6899540424346924,0.4768518805503845,0.46335697174072266,0.4768518805503845,0.4768518805503845,0,0,0.46335697399527187,0.08270406723022461
1,97,75,69,6,0,75,0.6892837285995483,0.4466666579246521,0.46335694193840027,0.4466666579246521,0.4466666579246521,0,0,0.46335697399527187,0.1188361644744873
2,93,56,53,3,0,56,0.6863676309585571,0.443452388048172,0.46335703134536743,0.443452388048172,0.443452388048172,0,0,0.46335697399527187,0.11078953742980957
3,85,45,42,3,0,45,0.680810809135437,0.4685184955596924,0.46335694193840027,0.4685184955596924,0.4685184955596924,0,0,0.46335697399527187,0.09687066078186035
4,86,68,62,6,0,68,0.6788332462310791,0.46078431606292725,0.46335697174072266,0.46078431606292725,0.46078431606292725,0,0,0.46335697399527187,0.08002018928527832
5,78,39,31,8,0,39,0.677598237991333,0.4594016969203949,0.46335700154304504,0.4594016969203949,0.4594016969203949,0,0,0.46335697399527187,0.1363353729248047
6,77,16,12,4,0,16,0.6744142770767212,0.4791666269302368,0.46353429555892944,0.4791666269302368,0.4791666269302368,0,0,0.46335697399527187,0.0608220100402832
7,69,51,39,12,0,51,0.6704665422439575,0.46078431606292725,0.4649052321910858,0.46078431606292725,0.46078431606292725,0,0,0.46477541371158393,0.07991623878479004
8,68,29,14,15,0,29,0.6665517687797546,0.5287356376647949,0.4673514664173126,0.5287356376647949,0.5287356376647949,0,0,0.47092198581560285,0.07016181945800781
9,65,21,13,8,0,21,0.6654872894287109,0.5198413133621216,0.4880782961845398,0.5198413133621216,0.5198413133621216,0,0,0.49645390070921985,0.057743072509765625
10,64,36,22,14,0,36,0.6631430983543396,0.5486111044883728,0.5169425010681152,0.5486111044883728,0.5486111044883728,0,0,0.5451536643026005,0.08108234405517578
11,64,55,42,13,0,55,0.6612532734870911,0.5636363625526428,0.5870620608329773,0.5636363625526428,0.5636363625526428,0,0,0.6217494089834515,0.0871732234954834
12,50,22,7,15,0,22,0.6646667122840881,0.5871211886405945,0.535804808139801,0.5871211886405945,0.5871211886405945,0,0,0.6780141843971631,0.0848531723022461
13,60,39,18,21,0,39,0.6608930826187134,0.6047008633613586,0.6005697846412659,0.6047008633613586,0.6047008633613586,0,0,0.7356973995271867,0.1278395652770996
14,53,18,0,18,0,18,0.6695853471755981,0.5509259104728699,0.5527975559234619,0.5509259104728699,0.5509259104728699,0,0,0.7356973995271867,0.0033774375915527344
15,52,39,14,25,0,39,0.6603007316589355,0.6132478713989258,0.62253737449646,0.6132478713989258,0.6132478713989258,0,0,0.7706855791962175,0.03386735916137695
16,47,30,3,27,0,30,0.6622214913368225,0.574999988079071,0.5799211859703064,0.574999988079071,0.574999988079071,0,0,0.8070921985815603,0.02344965934753418
17,50,40,23,17,0,40,0.6450590491294861,0.7291667461395264,0.7222340703010559,0.7291667461395264,0.7291667461395264,0,0,0.8425531914893617,0.07338643074035645
18,49,43,20,23,0,43,0.6514288187026978,0.7073643207550049,0.7149485945701599,0.7073643207550049,0.7073643207550049,0,0,0.8742316784869977,0.06563901901245117
19,48,29,0,29,0,29,0.6580798029899597,0.632183849811554,0.5835330486297607,0.632183849811554,0.632183849811554,0,0,0.8742316784869977,0.0027251243591308594
20,46,58,21,37,0,58,0.6534324884414673,0.6910920143127441,0.6924268007278442,0.6910920143127441,0.6910920143127441,0,0,0.8978723404255319,0.06643247604370117
21,43,33,8,25,0,33,0.6488264203071594,0.7121211290359497,0.7222723364830017,0.7121211290359497,0.7121211290359497,0,0,0.9167848699763593,0.18077707290649414
22,39,48,17,31,0,48,0.6400675177574158,0.7222221493721008,0.7199959754943848,0.7222221493721008,0.7222221493721008,0,0,0.926241134751773,0.2225325107574463
23,45,34,0,34,0,34,0.6589781641960144,0.6029411554336548,0.6120984554290771,0.6029411554336548,0.6029411554336548,0,0,0.926241134751773,0.0031816959381103516
24,38,35,0,35,0,35,0.6609869003295898,0.6023809313774109,0.5901114344596863,0.6023809313774109,0.6023809313774109,0,0,0.926241134751773,0.0014388561248779297
25,41,40,0,40,0,40,0.6575992107391357,0.6499999761581421,0.6418439745903015,0.6499999761581421,0.6499999761581421,0,0,0.926241134751773,0.0018754005432128906
26,45,30,0,30,0,30,0.6559441089630127,0.638888955116272,0.633916437625885,0.638888955116272,0.638888955116272,0,0,0.926241134751773,0.0033996105194091797
27,38,35,0,35,0,35,0.6410974860191345,0.7095238566398621,0.6798514127731323,0.7095238566398621,0.7095238566398621,0,0,0.926241134751773,0.005442380905151367
28,40,50,14,36,0,50,0.641162097454071,0.7099999785423279,0.7057021260261536,0.7099999785423279,0.7099999785423279,0,0,0.9361702127659575,0.031804561614990234
29,42,34,0,34,0,34,0.6415045857429504,0.725490152835846,0.7413015961647034,0.725490152835846,0.725490152835846,0,0,0.9361702127659575,0.0012140274047851562
30,37,45,6,39,0,45,0.633573055267334,0.7740740180015564,0.7743735313415527,0.7740740180015564,0.7740740180015564,0,0,0.9442080378250591,0.048163414001464844
31,42,71,20,51,0,71,0.632163941860199,0.7687793970108032,0.7740352749824524,0.7687793970108032,0.7687793970108032,0,0,0.9536643026004729,0.052495479583740234
32,43,26,0,26,0,26,0.6382670998573303,0.7435896992683411,0.7223313450813293,0.7435896992683411,0.7435896992683411,0,0,0.9536643026004729,0.001951456069946289
33,38,43,0,43,0,43,0.6356629133224487,0.8003876209259033,0.7967013120651245,0.8003876209259033,0.8003876209259033,0,0,0.9536643026004729,0.0026259422302246094
34,46,54,18,36,0,54,0.6271548867225647,0.8009259104728699,0.8100953698158264,0.8009259104728699,0.8009259104728699,0,0,0.957919621749409,0.060765743255615234
35,48,46,0,46,0,46,0.6239790916442871,0.8188406229019165,0.7969678640365601,0.8188406229019165,0.8188406229019165,0,0,0.957919621749409,0.0030670166015625
36,41,27,0,27,0,27,0.6275588274002075,0.8086419105529785,0.7780579924583435,0.8086419105529785,0.8086419105529785,0,0,0.957919621749409,0.005838632583618164
37,38,45,0,45,0,45,0.6198930740356445,0.8592591881752014,0.8615917563438416,0.8592591881752014,0.8592591881752014,0,0,0.957919621749409,0.003927707672119141
38,44,50,0,50,0,50,0.6149223446846008,0.875,0.8605578541755676,0.875,0.875,0,0,0.957919621749409,0.002301931381225586
39,38,33,0,33,0,33,0.6156262755393982,0.8863636255264282,0.8823555111885071,0.8863636255264282,0.8863636255264282,0,0,0.957919621749409,0.00312042236328125
40,44,48,14,34,0,48,0.603412926197052,0.9131944179534912,0.9090819358825684,0.9131944179534912,0.9131944179534912,0,0,0.9617021276595744,0.058626651763916016
41,49,35,0,35,0,35,0.6157192587852478,0.8880952596664429,0.8922796249389648,0.8880952596664429,0.8880952596664429,0,0,0.9617021276595744,0.0008392333984375
42,40,38,0,38,0,38,0.6190841197967529,0.8991228342056274,0.8948613405227661,0.8991228342056274,0.8991228342056274,0,0,0.9617021276595744,0.003282308578491211
43,45,61,24,37,0,61,0.5981233716011047,0.949453592300415,0.9431073665618896,0.949453592300415,0.949453592300415,0,0,0.9645390070921985,0.08798551559448242
44,43,44,14,30,0,44,0.5970580577850342,0.9602272510528564,0.9470449686050415,0.9602272510528564,0.9602272510528564,0,0,0.9687943262411347,0.10405564308166504
45,42,40,0,40,0,40,0.6010192632675171,0.9500001072883606,0.9439598321914673,0.9500001072883606,0.9500001072883606,0,0,0.9687943262411347,0.0031654834747314453
46,49,39,0,39,0,39,0.602770984172821,0.9316238760948181,0.9415165781974792,0.9316238760948181,0.9316238760948181,0,0,0.9687943262411347,0.0036046504974365234
47,45,58,21,37,0,58,0.5926190614700317,0.9511494040489197,0.9505829811096191,0.9511494040489197,0.9511494040489197,0,0,0.9706855791962175,0.06514525413513184
48,42,82,22,60,0,82,0.5910032987594604,0.9593496322631836,0.9556939005851746,0.9593496322631836,0.9593496322631836,0,0,0.9716312056737588,0.07291531562805176
49,46,52,21,31,0,52,0.5925177335739136,0.9535256028175354,0.9614384174346924,0.9535256028175354,0.9535256028175354,0,0,0.9739952718676123,0.1069953441619873
50,55,55,13,42,0,55,0.5936837196350098,0.9590908885002136,0.959449827671051,0.9590908885002136,0.9590908885002136,0,0,0.975886524822695,0.0668632984161377
51,47,25,0,25,0,25,0.5946949124336243,0.9666666388511658,0.9531914591789246,0.9666666388511658,0.9666666388511658,0,0,0.975886524822695,0.0015082359313964844
52,38,40,0,40,0,40,0.5996195673942566,0.9645832777023315,0.9546689987182617,0.9645832777023315,0.9645832777023315,0,0,0.975886524822695,0.003088235855102539
53,47,38,0,38,0,38,0.5918807983398438,0.9495614767074585,0.9603209495544434,0.9495614767074585,0.9495614767074585,0,0,0.975886524822695,0.002330303192138672
54,45,52,19,33,0,52,0.5704917311668396,0.9663461446762085,0.9643844366073608,0.9663461446762085,0.9663461446762085,0,0,0.9773049645390071,0.08100438117980957
55,47,46,7,39,0,46,0.5839394927024841,0.95652174949646,0.966183602809906,0.95652174949646,0.95652174949646,0,0,0.9796690307328605,0.06835603713989258
56,53,60,30,30,0,60,0.5704504251480103,0.963888943195343,0.9725610613822937,0.963888943195343,0.963888943195343,0,0,0.9810874704491725,0.0860753059387207
57,39,36,0,36,0,36,0.5834664106369019,0.9722222089767456,0.9663121104240417,0.9722222089767456,0.9722222089767456,0,0,0.9810874704491725,0.0025818347930908203
58,49,47,10,37,0,47,0.5660079121589661,0.9716312289237976,0.9716915488243103,0.9716312289237976,0.9716312289237976,0,0,0.9825059101654846,0.166182279586792
59,46,35,0,35,0,35,0.5738603472709656,0.9690476655960083,0.9717933535575867,0.9690476655960083,0.9690476655960083,0,0,0.9825059101654846,0.007237434387207031
60,51,61,28,33,0,61,0.5638189911842346,0.9781420826911926,0.9750648736953735,0.9781420826911926,0.9781420826911926,0,0,0.9839243498817967,0.1641552448272705
61,43,42,1,41,0,42,0.5714659690856934,0.9722222685813904,0.9702578186988831,0.9722222685813904,0.9722222685813904,0,0,0.984869976359338,0.06079888343811035
62,43,33,0,33,0,33,0.5707728266716003,0.9722222089767456,0.974253237247467,0.9722222089767456,0.9722222089767456,0,0,0.984869976359338,0.00257110595703125
63,43,42,8,34,0,42,0.5620806813240051,0.9742063879966736,0.9757176637649536,0.9742063879966736,0.9742063879966736,0,0,0.9858156028368794,0.054407358169555664
64,46,40,0,40,0,40,0.5759688019752502,0.9750000238418579,0.9700590372085571,0.9750000238418579,0.9750000238418579,0,0,0.9858156028368794,0.002432584762573242
65,36,38,0,38,0,38,0.5528788566589355,0.9824560880661011,0.9765585064888,0.9824560880661011,0.9824560880661011,0,0,0.9858156028368794,0.003320455551147461
66,51,38,0,38,0,38,0.5670973062515259,0.9692981839179993,0.976620614528656,0.9692981839179993,0.9692981839179993,0,0,0.9858156028368794,0.003726959228515625
67,50,68,25,43,0,68,0.5468599796295166,0.9742646813392639,0.9809622764587402,0.9742646813392639,0.9742646813392639,0,0,0.9867612293144208,0.0742197036743164
68,53,49,3,46,0,49,0.5551215410232544,0.9778910875320435,0.9775944948196411,0.9778910875320435,0.9778910875320435,0,0,0.9872340425531915,0.048217058181762695
69,51,41,12,29,0,41,0.549306333065033,0.9817073345184326,0.981156587600708,0.9817073345184326,0.9817073345184326,0,0,0.9877068557919622,0.05168628692626953
70,52,39,5,34,0,39,0.5424484014511108,0.978632390499115,0.9792932271957397,0.978632390499115,0.978632390499115,0,0,0.9881796690307328,0.15090250968933105
71,40,48,12,36,0,48,0.5475265383720398,0.9774305820465088,0.9816489219665527,0.9774305820465088,0.9774305820465088,0,0,0.9905437352245863,0.04428410530090332
72,45,53,11,42,0,53,0.5354688167572021,0.9827044606208801,0.9834873080253601,0.9827044606208801,0.9827044606208801,0,0,0.9905437352245863,0.1133277416229248
73,39,26,0,26,0,26,0.529567301273346,0.980769157409668,0.9843243956565857,0.980769157409668,0.980769157409668,0,0,0.9905437352245863,0.003102540969848633
74,42,49,17,32,0,49,0.5334445834159851,0.9846938848495483,0.9858734607696533,0.9846938848495483,0.9846938848495483,0,0,0.9914893617021276,0.0891103744506836
75,44,40,0,40,0,40,0.5292715430259705,0.9916666746139526,0.98358154296875,0.9916666746139526,0.9916666746139526,0,0,0.9914893617021276,0.0027480125427246094
76,42,40,0,40,0,40,0.5329826474189758,0.9791666865348816,0.9824703931808472,0.9791666865348816,0.9791666865348816,0,0,0.9914893617021276,0.003851175308227539
77,48,45,5,40,0,45,0.5306422710418701,0.9814814925193787,0.9845127463340759,0.9814814925193787,0.9814814925193787,0,0,0.9914893617021276,0.049952030181884766
78,46,36,0,36,0,36,0.5330123901367188,0.9791666865348816,0.9844104051589966,0.9791666865348816,0.9791666865348816,0,0,0.9914893617021276,0.0020983219146728516
79,46,65,24,41,0,65,0.5158711075782776,0.9846153855323792,0.9871394038200378,0.9846153855323792,0.9846153855323792,0,0,0.9914893617021276,0.07976078987121582
80,45,45,9,36,0,45,0.5156448483467102,0.9907407760620117,0.9875913858413696,0.9907407760620117,0.9907407760620117,0,0,0.9914893617021276,0.05095982551574707
81,37,44,0,44,0,44,0.5300411581993103,0.9772727489471436,0.987277090549469,0.9772727489471436,0.9772727489471436,0,0,0.9914893617021276,0.0031898021697998047
82,40,32,0,32,0,32,0.5166943073272705,0.9765625596046448,0.9872488379478455,0.9765625596046448,0.9765625596046448,0,0,0.9914893617021276,0.0033109188079833984
83,52,53,18,35,0,53,0.5212279558181763,0.9827045202255249,0.988322377204895,0.9827045202255249,0.9827045202255249,0,0,0.9919621749408983,0.09503054618835449
84,40,37,0,37,0,37,0.522165834903717,0.9864864945411682,0.9870297312736511,0.9864864945411682,0.9864864945411682,0,0,0.9919621749408983,0.003360271453857422
85,38,40,9,31,0,40,0.5153040289878845,0.9895833730697632,0.9886643290519714,0.9895833730697632,0.9895833730697632,0,0,0.9919621749408983,0.07294273376464844
86,38,40,2,38,0,40,0.504184365272522,0.9895833730697632,0.989113450050354,0.9895833730697632,0.9895833730697632,0,0,0.9919621749408983,0.04428744316101074
87,48,41,0,41,0,41,0.513709306716919,0.9898374676704407,0.9885025024414062,0.9898374676704407,0.9898374676704407,0,0,0.9919621749408983,0.0065343379974365234
88,37,31,0,31,0,31,0.5102003812789917,0.9784945845603943,0.991001307964325,0.9784945845603943,0.9784945845603943,0,0,0.9919621749408983,0.003291606903076172
89,35,31,6,25,0,31,0.48870834708213806,0.9919354319572449,0.9904217720031738,0.9919354319572449,0.9919354319572449,0,0,0.992434988179669,0.055017948150634766
90,44,60,9,51,0,60,0.4975518584251404,0.987500011920929,0.991150438785553,0.987500011920929,0.987500011920929,0,0,0.992434988179669,0.06036663055419922
91,39,56,18,38,0,56,0.4925067126750946,0.988095223903656,0.9910503625869751,0.988095223903656,0.988095223903656,0,0,0.9933806146572104,0.24411821365356445
92,46,65,25,40,0,65,0.48797616362571716,0.9897436499595642,0.9920276403427124,0.9897436499595642,0.9897436499595642,0,0,0.9943262411347518,0.12361669540405273
93,45,33,1,32,0,33,0.48510828614234924,1.0,0.9914319515228271,1.0,1.0,0,0,0.9943262411347518,0.017826080322265625
94,49,45,7,38,0,45,0.4817794859409332,0.9962963461875916,0.9917835593223572,0.9962963461875916,0.9962963461875916,0,0,0.9947990543735225,0.05284547805786133
95,62,70,28,42,0,70,0.4839884638786316,0.9916667342185974,0.9927119612693787,0.9916667342185974,0.9916667342185974,0,0,0.9947990543735225,0.14799189567565918
96,44,48,0,48,0,48,0.49654874205589294,0.9774305820465088,0.9915288090705872,0.9774305820465088,0.9774305820465088,0,0,0.9947990543735225,0.003093719482421875
97,44,41,0,41,0,41,0.495685338973999,0.9857723712921143,0.9916622638702393,0.9857723712921143,0.9857723712921143,0,0,0.9947990543735225,0.003265857696533203
98,45,44,0,44,0,44,0.48489949107170105,0.990530252456665,0.9928648471832275,0.990530252456665,0.990530252456665,0,0,0.9947990543735225,0.003150463104248047
99,42,32,0,32,0,32,0.48173046112060547,0.9921875,0.9922133684158325,0.9921875,0.9921875,0,0,0.9947990543735225,0.0032286643981933594
