round,n_client_req,n_new_updates,n_ontime_updates,n_delayed_updates,n_malicious_updates,n_benign_updates,client_avg_loss_avg,client_train_acc_avg,client_test_acc_avg,benign_client_train_acc_avg,benign_client_test_acc_avg,malicious_client_train_acc_avg,malicious_client_test_acc_avg,accuracy_score,aggregator_time
0,100,36,36,0,0,36,0.691129207611084,0.4768518805503845,0.46335697174072266,0.4768518805503845,0.4768518805503845,0,0,0.46335697399527187,7.075668573379517
1,93,73,67,6,0,73,0.6879414916038513,0.49657535552978516,0.4633569121360779,0.49657535552978516,0.49657535552978516,0,0,0.46335697399527187,7.502350091934204
2,90,55,53,2,0,55,0.6891101002693176,0.46515148878097534,0.46335694193840027,0.46515148878097534,0.46515148878097534,0,0,0.46335697399527187,8.561835050582886
3,87,59,55,4,0,59,0.6865760087966919,0.47740110754966736,0.46335700154304504,0.47740110754966736,0.47740110754966736,0,0,0.46335697399527187,6.121406555175781
4,87,35,29,6,0,35,0.6846430897712708,0.4928571283817291,0.46335700154304504,0.4928571283817291,0.4928571283817291,0,0,0.46335697399527187,5.739306688308716
5,87,40,28,12,0,40,0.685843825340271,0.4749999940395355,0.46335697174072266,0.4749999940395355,0.4749999940395355,0,0,0.46335697399527187,6.853179931640625
6,74,59,47,12,0,59,0.6848776936531067,0.4703390300273895,0.46335700154304504,0.4703390300273895,0.4703390300273895,0,0,0.46335697399527187,6.5995543003082275
7,73,61,51,10,0,61,0.6841393709182739,0.46721306443214417,0.46335703134536743,0.46721306443214417,0.46721306443214417,0,0,0.46335697399527187,5.28362774848938
8,80,62,51,11,0,62,0.6817822456359863,0.4932795464992523,0.46335700154304504,0.4932795464992523,0.4932795464992523,0,0,0.46335697399527187,7.653670310974121
9,68,41,31,10,0,41,0.6825903654098511,0.47560974955558777,0.46335694193840027,0.47560974955558777,0.47560974955558777,0,0,0.46335697399527187,6.610224485397339
10,82,45,33,12,0,45,0.683232843875885,0.470370352268219,0.46335694193840027,0.470370352268219,0.470370352268219,0,0,0.46335697399527187,6.216984510421753
11,67,57,45,12,0,57,0.68245929479599,0.46345028281211853,0.46335703134536743,0.46345028281211853,0.46345028281211853,0,0,0.46335697399527187,6.835802316665649
12,63,25,3,22,0,25,0.6842535138130188,0.47999995946884155,0.46335697174072266,0.47999995946884155,0.47999995946884155,0,0,0.46335697399527187,5.315148591995239
13,59,17,0,17,0,17,0.6857472658157349,0.4411764442920685,0.46335697174072266,0.4411764442920685,0.4411764442920685,0,0,0.46335697399527187,5.485881567001343
14,52,25,4,21,0,25,0.684125542640686,0.46666666865348816,0.46335697174072266,0.46666666865348816,0.46666666865348816,0,0,0.46335697399527187,3.373814821243286
15,54,48,30,18,0,48,0.6827012896537781,0.4826388359069824,0.46335697174072266,0.4826388359069824,0.4826388359069824,0,0,0.46335697399527187,8.044695377349854
16,39,24,0,24,0,24,0.6838437914848328,0.4791666567325592,0.46335697174072266,0.4791666567325592,0.4791666567325592,0,0,0.46335697399527187,5.220038652420044
17,44,32,0,32,0,32,0.6867851614952087,0.4244791567325592,0.46335697174072266,0.4244791567325592,0.4244791567325592,0,0,0.46335697399527187,7.830816745758057
18,50,42,21,21,0,42,0.6811790466308594,0.4841269552707672,0.4633569121360779,0.4841269552707672,0.4841269552707672,0,0,0.46335697399527187,7.315243244171143
19,42,44,8,36,0,44,0.6814213395118713,0.4962121248245239,0.46335697174072266,0.4962121248245239,0.4962121248245239,0,0,0.46335697399527187,8.202824115753174
20,50,35,3,32,0,35,0.6833730340003967,0.49047622084617615,0.46335700154304504,0.49047622084617615,0.49047622084617615,0,0,0.46335697399527187,6.29813814163208
21,56,46,22,24,0,46,0.6814908385276794,0.49637678265571594,0.46335694193840027,0.49637678265571594,0.49637678265571594,0,0,0.46335697399527187,8.15099310874939
22,47,49,21,28,0,49,0.6836342215538025,0.45408159494400024,0.46335694193840027,0.45408159494400024,0.45408159494400024,0,0,0.46335697399527187,7.93622088432312
23,51,42,13,29,0,42,0.6818622350692749,0.4742063283920288,0.4633569121360779,0.4742063283920288,0.4742063283920288,0,0,0.46335697399527187,6.8741772174835205
24,42,26,0,26,0,26,0.6867456436157227,0.44230765104293823,0.46335697174072266,0.44230765104293823,0.44230765104293823,0,0,0.46335697399527187,6.237256288528442
25,45,37,0,37,0,37,0.6823172569274902,0.4977477192878723,0.46335694193840027,0.4977477192878723,0.4977477192878723,0,0,0.46335697399527187,4.970651388168335
26,41,53,10,43,0,53,0.6866768598556519,0.4229559600353241,0.46335700154304504,0.4229559600353241,0.4229559600353241,0,0,0.46335697399527187,8.880289554595947
27,41,42,0,42,0,42,0.6814756393432617,0.4920634627342224,0.4633569121360779,0.4920634627342224,0.4920634627342224,0,0,0.46335697399527187,6.678874254226685
28,35,40,0,40,0,40,0.6811863780021667,0.4895833134651184,0.46335697174072266,0.4895833134651184,0.4895833134651184,0,0,0.46335697399527187,7.575103759765625
29,44,42,0,42,0,42,0.6860876679420471,0.4384920597076416,0.4633569121360779,0.4384920597076416,0.4384920597076416,0,0,0.46335697399527187,5.769796371459961
30,49,29,0,29,0,29,0.6792948246002197,0.5201149582862854,0.46335697174072266,0.5201149582862854,0.5201149582862854,0,0,0.46335697399527187,4.128136873245239
31,44,42,0,42,0,42,0.6821686625480652,0.4682539403438568,0.4633569121360779,0.4682539403438568,0.4682539403438568,0,0,0.46335697399527187,6.755119562149048
32,43,42,9,33,0,42,0.679328441619873,0.5119047164916992,0.4633569121360779,0.5119047164916992,0.5119047164916992,0,0,0.46335697399527187,7.22442626953125
33,32,49,9,40,0,49,0.6838662028312683,0.43537411093711853,0.46335694193840027,0.43537411093711853,0.43537411093711853,0,0,0.46335697399527187,6.099616289138794
34,42,31,0,31,0,31,0.6855186223983765,0.4166666567325592,0.46335697174072266,0.4166666567325592,0.4166666567325592,0,0,0.46335697399527187,4.693777799606323
35,42,27,0,27,0,27,0.6826326847076416,0.4691357910633087,0.46335697174072266,0.4691357910633087,0.4691357910633087,0,0,0.46335697399527187,4.329847097396851
36,39,59,19,40,0,59,0.680182933807373,0.4788135588169098,0.46335700154304504,0.4788135588169098,0.4788135588169098,0,0,0.46335697399527187,8.243179082870483
37,43,28,0,28,0,28,0.683555543422699,0.4404761791229248,0.46335697174072266,0.4404761791229248,0.4404761791229248,0,0,0.46335697399527187,5.886406421661377
38,37,42,0,42,0,42,0.6833425164222717,0.4484126567840576,0.4633569121360779,0.4484126567840576,0.4484126567840576,0,0,0.46335697399527187,7.736340284347534
39,46,61,14,47,0,61,0.6800863146781921,0.48497268557548523,0.46335703134536743,0.48497268557548523,0.48497268557548523,0,0,0.46335697399527187,8.279954671859741
40,44,38,0,38,0,38,0.6814877390861511,0.4780701696872711,0.46335697174072266,0.4780701696872711,0.4780701696872711,0,0,0.46335697399527187,8.404324054718018
41,44,40,0,40,0,40,0.6790016293525696,0.5062500238418579,0.46335697174072266,0.5062500238418579,0.5062500238418579,0,0,0.46335697399527187,7.3723554611206055
42,40,34,0,34,0,34,0.6792768836021423,0.49264705181121826,0.46335697174072266,0.49264705181121826,0.49264705181121826,0,0,0.46335697399527187,5.604902505874634
43,39,53,7,46,0,53,0.682209849357605,0.4496855139732361,0.46335700154304504,0.4496855139732361,0.4496855139732361,0,0,0.46335697399527187,10.017910957336426
44,38,29,0,29,0,29,0.6826035976409912,0.45114943385124207,0.46335697174072266,0.45114943385124207,0.45114943385124207,0,0,0.46335697399527187,7.263105392456055
45,44,61,22,39,0,61,0.6791435480117798,0.4822404384613037,0.46335703134536743,0.4822404384613037,0.4822404384613037,0,0,0.46335697399527187,8.170619487762451
46,49,52,20,32,0,52,0.6814426779747009,0.4455128014087677,0.46335697174072266,0.4455128014087677,0.4455128014087677,0,0,0.46335697399527187,6.490492820739746
47,46,34,0,34,0,34,0.6828532814979553,0.4485293924808502,0.46335697174072266,0.4485293924808502,0.4485293924808502,0,0,0.46335697399527187,6.314068078994751
48,46,37,0,37,0,37,0.6791134476661682,0.4887387156486511,0.46335694193840027,0.4887387156486511,0.4887387156486511,0,0,0.46335697399527187,6.222064733505249
49,48,35,0,35,0,35,0.6819197535514832,0.4595237672328949,0.46335700154304504,0.4595237672328949,0.4595237672328949,0,0,0.46335697399527187,5.541747808456421
50,47,40,0,40,0,40,0.6818407773971558,0.45625001192092896,0.46335697174072266,0.45625001192092896,0.45625001192092896,0,0,0.46335697399527187,6.128224611282349
51,40,46,3,43,0,46,0.6805068850517273,0.4692028760910034,0.46335694193840027,0.4692028760910034,0.4692028760910034,0,0,0.46335697399527187,6.857205390930176
52,37,54,15,39,0,54,0.6787269711494446,0.4891975224018097,0.46335697174072266,0.4891975224018097,0.4891975224018097,0,0,0.46335697399527187,8.027444124221802
53,44,44,8,36,0,44,0.679206132888794,0.47537878155708313,0.46335697174072266,0.47537878155708313,0.47537878155708313,0,0,0.46335697399527187,6.317974805831909
54,38,32,0,32,0,32,0.6764227747917175,0.5130208134651184,0.46335697174072266,0.5130208134651184,0.5130208134651184,0,0,0.46335697399527187,5.533363103866577
55,41,48,0,48,0,48,0.6793584823608398,0.4722221791744232,0.46335697174072266,0.4722221791744232,0.4722221791744232,0,0,0.46335697399527187,6.818561315536499
56,45,64,18,46,0,64,0.6781201362609863,0.4882812201976776,0.46335697174072266,0.4882812201976776,0.4882812201976776,0,0,0.46335697399527187,9.65779733657837
57,52,49,0,49,0,49,0.6804458498954773,0.4693877696990967,0.46335694193840027,0.4693877696990967,0.4693877696990967,0,0,0.46335697399527187,5.103051662445068
58,44,30,0,30,0,30,0.6790050864219666,0.4694444239139557,0.46335697174072266,0.4694444239139557,0.4694444239139557,0,0,0.46335697399527187,6.899387836456299
59,36,32,0,32,0,32,0.681004524230957,0.4453125,0.46335697174072266,0.4453125,0.4453125,0,0,0.46335697399527187,4.937427520751953
60,45,34,0,34,0,34,0.681559681892395,0.4436274766921997,0.46335697174072266,0.4436274766921997,0.4436274766921997,0,0,0.46335697399527187,6.75433874130249
61,40,57,20,37,0,57,0.6799216270446777,0.44883039593696594,0.46335703134536743,0.44883039593696594,0.44883039593696594,0,0,0.46335697399527187,6.6256325244903564
62,41,51,18,33,0,51,0.6747078895568848,0.5098038911819458,0.46335700154304504,0.5098038911819458,0.5098038911819458,0,0,0.46335697399527187,8.034836053848267
63,44,36,0,36,0,36,0.6787917017936707,0.4722222089767456,0.46335697174072266,0.4722222089767456,0.4722222089767456,0,0,0.46335697399527187,6.395880222320557
64,37,43,0,43,0,43,0.6763424277305603,0.4922480583190918,0.46335700154304504,0.4922480583190918,0.4922480583190918,0,0,0.46335697399527187,5.680872917175293
65,41,37,0,37,0,37,0.6806637644767761,0.44819822907447815,0.46335694193840027,0.44819822907447815,0.44819822907447815,0,0,0.46335697399527187,5.039872407913208
66,37,28,0,28,0,28,0.6801937222480774,0.4494048058986664,0.46335697174072266,0.4494048058986664,0.4494048058986664,0,0,0.46335697399527187,3.342660665512085
67,37,39,7,32,0,39,0.6790488362312317,0.4572649300098419,0.46335700154304504,0.4572649300098419,0.4572649300098419,0,0,0.46335697399527187,7.550167083740234
68,47,42,10,32,0,42,0.6781837940216064,0.4702380895614624,0.4633569121360779,0.4702380895614624,0.4702380895614624,0,0,0.46335697399527187,8.046360492706299
69,32,35,0,35,0,35,0.6823866963386536,0.41904762387275696,0.46335700154304504,0.41904762387275696,0.41904762387275696,0,0,0.46335697399527187,5.3016462326049805
70,45,51,7,44,0,51,0.6780084371566772,0.47058823704719543,0.46335700154304504,0.47058823704719543,0.47058823704719543,0,0,0.46335697399527187,7.967108249664307
71,46,39,0,39,0,39,0.679973304271698,0.43376070261001587,0.46335700154304504,0.43376070261001587,0.43376070261001587,0,0,0.46335697399527187,7.907949447631836
72,49,52,16,36,0,52,0.6798291802406311,0.43429484963417053,0.46335697174072266,0.43429484963417053,0.43429484963417053,0,0,0.46335697399527187,6.888096570968628
73,40,44,0,44,0,44,0.676469087600708,0.4943181276321411,0.46335697174072266,0.4943181276321411,0.4943181276321411,0,0,0.46335697399527187,6.888202667236328
74,45,62,22,40,0,62,0.677823543548584,0.46236559748649597,0.46335700154304504,0.46236559748649597,0.46236559748649597,0,0,0.46335697399527187,9.051614761352539
75,53,75,32,43,0,75,0.6763246059417725,0.4744444191455841,0.46335694193840027,0.4744444191455841,0.4744444191455841,0,0,0.46335697399527187,9.257649660110474
76,35,37,2,35,0,37,0.6773331761360168,0.46171167492866516,0.46335694193840027,0.46171167492866516,0.46171167492866516,0,0,0.46335697399527187,7.025805234909058
77,50,37,0,37,0,37,0.6774112582206726,0.4819820523262024,0.46335694193840027,0.4819820523262024,0.4819820523262024,0,0,0.46335697399527187,7.108076810836792
78,42,41,9,32,0,41,0.679425060749054,0.4390243887901306,0.46335694193840027,0.4390243887901306,0.4390243887901306,0,0,0.46335697399527187,6.804939270019531
79,41,42,0,42,0,42,0.6785402894020081,0.4543651044368744,0.4633569121360779,0.4543651044368744,0.4543651044368744,0,0,0.46335697399527187,7.813876152038574
80,49,37,0,37,0,37,0.6792994141578674,0.44594594836235046,0.46335694193840027,0.44594594836235046,0.44594594836235046,0,0,0.46335697399527187,4.813028573989868
81,40,48,0,48,0,48,0.6738545894622803,0.5,0.46335697174072266,0.5,0.5,0,0,0.46335697399527187,8.054971694946289
82,44,50,17,33,0,50,0.6736491918563843,0.49166667461395264,0.46335697174072266,0.49166667461395264,0.49166667461395264,0,0,0.46335697399527187,6.631122827529907
83,52,46,11,35,0,46,0.6746467351913452,0.4800724685192108,0.46335694193840027,0.4800724685192108,0.4800724685192108,0,0,0.46335697399527187,6.445424795150757
84,46,43,0,43,0,43,0.6754501461982727,0.47093021869659424,0.46335700154304504,0.47093021869659424,0.47093021869659424,0,0,0.46335697399527187,8.343248844146729
85,46,34,0,34,0,34,0.6745266914367676,0.49264705181121826,0.46335697174072266,0.49264705181121826,0.49264705181121826,0,0,0.46335697399527187,7.044594764709473
86,47,63,24,39,0,63,0.6778082847595215,0.4417989253997803,0.4633570611476898,0.4417989253997803,0.4417989253997803,0,0,0.46335697399527187,5.392413139343262
87,43,43,8,35,0,43,0.6716996431350708,0.5232558250427246,0.46335700154304504,0.5232558250427246,0.5232558250427246,0,0,0.46335697399527187,8.589096069335938
88,46,55,25,30,0,55,0.6747549176216125,0.4742424488067627,0.46335694193840027,0.4742424488067627,0.4742424488067627,0,0,0.46335697399527187,7.666430711746216
89,40,62,16,46,0,62,0.6738922595977783,0.48252689838409424,0.46335700154304504,0.48252689838409424,0.48252689838409424,0,0,0.46335697399527187,8.263525009155273
90,48,31,0,31,0,31,0.6765109300613403,0.4516128897666931,0.46335697174072266,0.4516128897666931,0.4516128897666931,0,0,0.46335697399527187,6.4405198097229
91,46,45,13,32,0,45,0.6748373508453369,0.4740740954875946,0.46335694193840027,0.4740740954875946,0.4740740954875946,0,0,0.46335697399527187,7.115320444107056
92,52,41,2,39,0,41,0.6752979159355164,0.4715447425842285,0.46335694193840027,0.4715447425842285,0.4715447425842285,0,0,0.46335697399527187,7.012837886810303
93,43,45,0,45,0,45,0.6737078428268433,0.4851852059364319,0.46335694193840027,0.4851852059364319,0.4851852059364319,0,0,0.46335697399527187,6.632556915283203
94,41,36,0,36,0,36,0.6752259731292725,0.4722222089767456,0.46335697174072266,0.4722222089767456,0.4722222089767456,0,0,0.46335697399527187,6.744529724121094
95,46,39,0,39,0,39,0.6726610064506531,0.5021367073059082,0.46335700154304504,0.5021367073059082,0.5021367073059082,0,0,0.46335697399527187,7.257143497467041
96,44,44,5,39,0,44,0.6719397306442261,0.4886363744735718,0.46335697174072266,0.4886363744735718,0.4886363744735718,0,0,0.46335697399527187,8.666277408599854
97,41,38,3,35,0,38,0.674220860004425,0.46929827332496643,0.46335697174072266,0.46929827332496643,0.46929827332496643,0,0,0.46335697399527187,5.792780637741089
98,47,52,22,30,0,52,0.6773513555526733,0.4262820780277252,0.46335697174072266,0.4262820780277252,0.4262820780277252,0,0,0.46335697399527187,7.927053213119507
99,46,50,22,28,0,50,0.6721481084823608,0.4816666543483734,0.46335697174072266,0.4816666543483734,0.4816666543483734,0,0,0.46335697399527187,6.9888927936553955
