round,n_client_req,n_new_updates,n_ontime_updates,n_delayed_updates,n_malicious_updates,n_benign_updates,client_avg_loss_avg,client_train_acc_avg,client_test_acc_avg,benign_client_train_acc_avg,benign_client_test_acc_avg,malicious_client_train_acc_avg,malicious_client_test_acc_avg,accuracy_score,aggregator_time
0,100,36,36,0,0,36,0.6899540424346924,0.4768518805503845,0.46335697174072266,0.4768518805503845,0.4768518805503845,0,0,0.46335697399527187,1.7873613834381104
1,93,59,53,6,0,59,0.6863332390785217,0.4830508232116699,0.46335700154304504,0.4830508232116699,0.4830508232116699,0,0,0.46335697399527187,3.694485902786255
2,91,32,29,3,0,32,0.6852972507476807,0.46875,0.46335697174072266,0.46875,0.46875,0,0,0.46335697399527187,1.8928196430206299
3,87,46,38,8,0,46,0.6817466616630554,0.4692029058933258,0.46335694193840027,0.4692029058933258,0.4692029058933258,0,0,0.46335697399527187,2.232975959777832
4,82,55,48,7,0,55,0.6819291710853577,0.4469697177410126,0.46335694193840027,0.4469697177410126,0.4469697177410126,0,0,0.46335697399527187,3.433259963989258
5,77,59,50,9,0,59,0.6778330206871033,0.4788135588169098,0.46335700154304504,0.4788135588169098,0.4788135588169098,0,0,0.46335697399527187,3.3622801303863525
6,76,24,17,7,0,24,0.6760210990905762,0.472222238779068,0.46335697174072266,0.472222238779068,0.472222238779068,0,0,0.46335697399527187,1.9532554149627686
7,72,53,37,16,0,53,0.6783218383789062,0.4496855139732361,0.46335700154304504,0.4496855139732361,0.4496855139732361,0,0,0.46335697399527187,3.345219135284424
8,61,54,36,18,0,54,0.6753836274147034,0.4753086566925049,0.46335697174072266,0.4753086566925049,0.4753086566925049,0,0,0.46335697399527187,2.570850133895874
9,72,39,27,12,0,39,0.6729937195777893,0.48076921701431274,0.46335700154304504,0.48076921701431274,0.48076921701431274,0,0,0.46335697399527187,2.261776924133301
10,72,58,46,12,0,58,0.6712859869003296,0.4813218414783478,0.46340587735176086,0.4813218414783478,0.4813218414783478,0,0,0.46335697399527187,3.2696924209594727
11,68,35,16,19,0,35,0.6724408268928528,0.49761903285980225,0.4634380340576172,0.49761903285980225,0.49761903285980225,0,0,0.46335697399527187,1.7532038688659668
12,66,35,20,15,0,35,0.6739431023597717,0.476190447807312,0.4633975327014923,0.476190447807312,0.476190447807312,0,0,0.46335697399527187,0.9647672176361084
13,55,25,5,20,0,25,0.6752929091453552,0.4866666793823242,0.4634137451648712,0.4866666793823242,0.4866666793823242,0,0,0.46335697399527187,0.6695330142974854
14,50,27,6,21,0,27,0.6776935458183289,0.4475308656692505,0.4633744955062866,0.4475308656692505,0.4475308656692505,0,0,0.46335697399527187,2.0236876010894775
15,58,40,20,20,0,40,0.6761630773544312,0.4520832896232605,0.4633806347846985,0.4520832896232605,0.4520832896232605,0,0,0.46335697399527187,2.2766005992889404
16,50,17,5,12,0,17,0.6739405989646912,0.5147058963775635,0.46338480710983276,0.5147058963775635,0.5147058963775635,0,0,0.46335697399527187,1.7217075824737549
17,57,25,0,25,0,25,0.6766076683998108,0.46666666865348816,0.46339476108551025,0.46666666865348816,0.46666666865348816,0,0,0.46335697399527187,1.4425153732299805
18,42,22,0,22,0,22,0.67595374584198,0.4696969985961914,0.4633999764919281,0.4696969985961914,0.4696969985961914,0,0,0.46335697399527187,1.5725440979003906
19,37,49,17,32,0,49,0.6751093864440918,0.4608843922615051,0.4633762538433075,0.4608843922615051,0.4608843922615051,0,0,0.46335697399527187,2.4932847023010254
20,44,34,0,34,0,34,0.6790040135383606,0.480392187833786,0.46338480710983276,0.480392187833786,0.480392187833786,0,0,0.46335697399527187,1.2792353630065918
21,40,48,19,29,0,48,0.6756394505500793,0.4791666567325592,0.46335697174072266,0.4791666567325592,0.4791666567325592,0,0,0.46335697399527187,2.010498285293579
22,35,30,0,30,0,30,0.676257312297821,0.45277777314186096,0.46342000365257263,0.45277777314186096,0.45277777314186096,0,0,0.46335697399527187,1.6793186664581299
23,41,24,0,24,0,24,0.6740736961364746,0.5,0.46341609954833984,0.5,0.5,0,0,0.46335697399527187,0.6131100654602051
24,42,35,0,35,0,35,0.6779714226722717,0.4523809850215912,0.46337050199508667,0.4523809850215912,0.4523809850215912,0,0,0.46335697399527187,1.1328167915344238
25,38,31,0,31,0,31,0.6732067465782166,0.5107527375221252,0.46337223052978516,0.5107527375221252,0.5107527375221252,0,0,0.46335697399527187,2.1686549186706543
26,36,37,2,35,0,37,0.6737934947013855,0.4842342734336853,0.4633825123310089,0.4842342734336853,0.4842342734336853,0,0,0.46335697399527187,1.3117339611053467
27,35,47,4,43,0,47,0.6695229411125183,0.5195035934448242,0.4633871018886566,0.5195035934448242,0.5195035934448242,0,0,0.46335697399527187,2.2216410636901855
28,38,39,0,39,0,39,0.6758131384849548,0.46581199765205383,0.46338126063346863,0.46581199765205383,0.46581199765205383,0,0,0.46335697399527187,1.907029390335083
29,43,30,0,30,0,30,0.6725975871086121,0.4861111044883728,0.46338850259780884,0.4861111044883728,0.4861111044883728,0,0,0.46335697399527187,0.9062340259552002
30,35,45,0,45,0,45,0.6715462803840637,0.5037037134170532,0.463377982378006,0.5037037134170532,0.5037037134170532,0,0,0.46335697399527187,1.928926944732666
31,32,38,0,38,0,38,0.677008867263794,0.44298243522644043,0.4633818566799164,0.44298243522644043,0.44298243522644043,0,0,0.46335697399527187,2.5708634853363037
32,43,56,3,53,0,56,0.6733192205429077,0.464285671710968,0.4633822441101074,0.464285671710968,0.464285671710968,0,0,0.46335697399527187,3.9696342945098877
33,42,40,0,40,0,40,0.6727365255355835,0.46041664481163025,0.463392436504364,0.46041664481163025,0.46041664481163025,0,0,0.46335697399527187,2.0478739738464355
34,43,43,10,33,0,43,0.6730676293373108,0.45155036449432373,0.46349990367889404,0.45155036449432373,0.45155036449432373,0,0,0.46335697399527187,2.8833374977111816
35,44,52,17,35,0,52,0.6698089241981506,0.47435900568962097,0.46351152658462524,0.47435900568962097,0.47435900568962097,0,0,0.46335697399527187,2.070612668991089
36,34,35,0,35,0,35,0.6715538501739502,0.46190473437309265,0.46342453360557556,0.46190473437309265,0.46190473437309265,0,0,0.46335697399527187,1.544663667678833
37,47,40,0,40,0,40,0.6703598499298096,0.4895833432674408,0.4634397029876709,0.4895833432674408,0.4895833432674408,0,0,0.46335697399527187,1.4842956066131592
38,46,42,0,42,0,42,0.6714379191398621,0.472222238779068,0.4634132385253906,0.472222238779068,0.472222238779068,0,0,0.46335697399527187,2.729550838470459
39,42,56,13,43,0,56,0.67035973072052,0.455357164144516,0.46370312571525574,0.455357164144516,0.455357164144516,0,0,0.46335697399527187,3.266195774078369
40,49,51,0,51,0,51,0.6701935529708862,0.4771241545677185,0.46358874440193176,0.4771241545677185,0.4771241545677185,0,0,0.46335697399527187,3.2829954624176025
41,37,56,10,46,0,56,0.6694103479385376,0.4806548058986664,0.46360182762145996,0.4806548058986664,0.4806548058986664,0,0,0.46335697399527187,2.8481621742248535
42,48,65,25,40,0,65,0.6662822365760803,0.5,0.46385887265205383,0.5,0.5,0,0,0.46335697399527187,3.065913438796997
43,41,28,0,28,0,28,0.6746324896812439,0.425595223903656,0.4636777937412262,0.425595223903656,0.425595223903656,0,0,0.46335697399527187,1.6022515296936035
44,44,43,8,35,0,43,0.672920286655426,0.4360465109348297,0.4641706645488739,0.4360465109348297,0.4360465109348297,0,0,0.46382978723404256,2.194340944290161
45,42,55,0,55,0,55,0.6717777848243713,0.45151516795158386,0.46365785598754883,0.45151516795158386,0.45151516795158386,0,0,0.46335697399527187,2.726968288421631
46,50,56,22,34,0,56,0.6679324507713318,0.47916659712791443,0.46426036953926086,0.47916659712791443,0.47916659712791443,0,0,0.46382978723404256,3.6022751331329346
47,51,63,20,43,0,63,0.667948305606842,0.4722222089767456,0.46501556038856506,0.4722222089767456,0.4722222089767456,0,0,0.46382978723404256,3.2915961742401123
48,54,34,0,34,0,34,0.6732363700866699,0.43627452850341797,0.4643721282482147,0.43627452850341797,0.43627452850341797,0,0,0.46382978723404256,1.652451515197754
49,40,42,8,34,0,42,0.6670770049095154,0.4821428656578064,0.46450525522232056,0.4821428656578064,0.4821428656578064,0,0,0.46382978723404256,2.592498779296875
50,48,37,0,37,0,37,0.6713261008262634,0.44594594836235046,0.46500539779663086,0.44594594836235046,0.44594594836235046,0,0,0.46382978723404256,2.006582021713257
51,46,47,6,41,0,47,0.6660028696060181,0.48758864402770996,0.4653588533401489,0.48758864402770996,0.48758864402770996,0,0,0.46382978723404256,2.77713942527771
52,43,39,0,39,0,39,0.6627392172813416,0.5320512056350708,0.46495726704597473,0.5320512056350708,0.5320512056350708,0,0,0.46382978723404256,2.255023717880249
53,45,42,13,29,0,42,0.667673647403717,0.4722221791744232,0.46621641516685486,0.4722221791744232,0.4722221791744232,0,0,0.46382978723404256,2.2808022499084473
54,47,43,0,43,0,43,0.6668018102645874,0.4748062193393707,0.4656330943107605,0.4748062193393707,0.4748062193393707,0,0,0.46382978723404256,3.028193712234497
55,46,29,0,29,0,29,0.665319561958313,0.48563218116760254,0.4653460383415222,0.48563218116760254,0.48563218116760254,0,0,0.46430260047281324,2.3241262435913086
56,40,34,0,34,0,34,0.6664091348648071,0.47058820724487305,0.4658740162849426,0.47058820724487305,0.47058820724487305,0,0,0.46430260047281324,2.073387622833252
57,40,34,0,34,0,34,0.6680593490600586,0.46078431606292725,0.4659435451030731,0.46078431606292725,0.46078431606292725,0,0,0.46430260047281324,2.8701744079589844
58,41,30,0,30,0,30,0.6698898077011108,0.44722220301628113,0.46805354952812195,0.44722220301628113,0.44722220301628113,0,0,0.4652482269503546,1.1723642349243164
59,44,38,3,35,0,38,0.6672844886779785,0.4671052098274231,0.46878185868263245,0.4671052098274231,0.4671052098274231,0,0,0.4657210401891253,1.7080035209655762
60,34,55,8,47,0,55,0.6637874245643616,0.4803030490875244,0.46973565220832825,0.4803030490875244,0.4803030490875244,0,0,0.46713947990543736,2.126737594604492
61,45,47,0,47,0,47,0.6658530831336975,0.48049646615982056,0.4682963490486145,0.48049646615982056,0.48049646615982056,0,0,0.4666666666666667,2.5623433589935303
62,41,43,0,43,0,43,0.6664924621582031,0.4689922630786896,0.47004234790802,0.4689922630786896,0.4689922630786896,0,0,0.4666666666666667,2.0627224445343018
63,41,51,6,45,0,51,0.6640313267707825,0.47385621070861816,0.4726093113422394,0.47385621070861816,0.47385621070861816,0,0,0.4690307328605201,3.3916494846343994
64,41,36,0,36,0,36,0.6646397709846497,0.4814814329147339,0.4705279767513275,0.4814814329147339,0.4814814329147339,0,0,0.466193853427896,2.605217218399048
65,38,28,0,28,0,28,0.6633254289627075,0.5148809552192688,0.4731171727180481,0.5148809552192688,0.5148809552192688,0,0,0.46713947990543736,1.8594696521759033
66,40,64,4,60,0,64,0.6650224924087524,0.4778645932674408,0.47316786646842957,0.4778645932674408,0.4778645932674408,0,0,0.4699763593380615,3.1189424991607666
67,45,51,0,51,0,51,0.6647728681564331,0.4803921580314636,0.4745098054409027,0.4803921580314636,0.4803921580314636,0,0,0.4699763593380615,3.7162511348724365
68,50,42,0,42,0,42,0.6616215705871582,0.4960317611694336,0.4738602042198181,0.4960317611694336,0.4960317611694336,0,0,0.4699763593380615,2.7387759685516357
69,38,41,9,32,0,41,0.6584194898605347,0.5386178493499756,0.4773222804069519,0.5386178493499756,0.5386178493499756,0,0,0.4718676122931442,1.796433925628662
70,45,56,23,33,0,56,0.657331645488739,0.5386905074119568,0.4849628806114197,0.5386905074119568,0.5386905074119568,0,0,0.4789598108747045,3.609933853149414
71,50,45,13,32,0,45,0.6660726070404053,0.4685184955596924,0.49451014399528503,0.4685184955596924,0.4685184955596924,0,0,0.4874704491725768,1.870065450668335
72,48,37,0,37,0,37,0.6638949513435364,0.4864864945411682,0.48101720213890076,0.4864864945411682,0.4864864945411682,0,0,0.4765957446808511,1.7947187423706055
73,41,36,0,36,0,36,0.6647228002548218,0.4791666567325592,0.48508012294769287,0.4791666567325592,0.4791666567325592,0,0,0.48226950354609927,3.0026021003723145
74,46,38,0,38,0,38,0.6640518307685852,0.46929821372032166,0.48483267426490784,0.46929821372032166,0.46929821372032166,0,0,0.4789598108747045,1.4255950450897217
75,38,28,0,28,0,28,0.6662611365318298,0.4732142984867096,0.4874873459339142,0.4732142984867096,0.4732142984867096,0,0,0.48274231678486995,1.8802835941314697
76,37,42,9,33,0,42,0.6643146276473999,0.4761904180049896,0.4965890347957611,0.4761904180049896,0.4761904180049896,0,0,0.49030732860520093,1.6989688873291016
77,44,62,14,48,0,62,0.6586382985115051,0.522849440574646,0.497384250164032,0.522849440574646,0.522849440574646,0,0,0.4884160756501182,3.4679501056671143
78,48,41,0,41,0,41,0.6569575071334839,0.5508129596710205,0.48540621995925903,0.5508129596710205,0.5508129596710205,0,0,0.4789598108747045,2.4470033645629883
79,37,37,0,37,0,37,0.6627029180526733,0.4752252399921417,0.48849281668663025,0.4752252399921417,0.4752252399921417,0,0,0.48557919621749407,2.451845645904541
80,53,38,0,38,0,38,0.6619902849197388,0.48026320338249207,0.4936792552471161,0.48026320338249207,0.48026320338249207,0,0,0.48699763593380613,1.503183126449585
81,35,36,0,36,0,36,0.6600253582000732,0.5,0.502009391784668,0.5,0.5,0,0,0.49645390070921985,1.5126571655273438
82,42,44,0,44,0,44,0.6607509851455688,0.5056818127632141,0.4919407069683075,0.5056818127632141,0.5056818127632141,0,0,0.4879432624113475,2.9885506629943848
83,49,42,7,35,0,42,0.6587557792663574,0.523809552192688,0.506990909576416,0.523809552192688,0.523809552192688,0,0,0.500709219858156,3.049330711364746
84,44,32,0,32,0,32,0.6565560102462769,0.5546874403953552,0.5007978677749634,0.5546874403953552,0.5546874403953552,0,0,0.4983451536643026,1.3899857997894287
85,44,34,0,34,0,34,0.660166323184967,0.5147059559822083,0.5108051300048828,0.5147059559822083,0.5147059559822083,0,0,0.5087470449172576,2.340996265411377
86,43,71,20,51,0,71,0.6565236449241638,0.5539906620979309,0.5299903154373169,0.5539906620979309,0.5539906620979309,0,0,0.5210401891252955,4.526499509811401
87,42,53,8,45,0,53,0.6590530276298523,0.5393081307411194,0.5291494131088257,0.5393081307411194,0.5393081307411194,0,0,0.5210401891252955,3.187283992767334
88,39,67,16,51,0,67,0.6562918424606323,0.5522388815879822,0.5278218388557434,0.5522388815879822,0.5522388815879822,0,0,0.5148936170212766,5.022030830383301
89,43,40,11,29,0,40,0.65833580493927,0.550000011920929,0.5303664803504944,0.550000011920929,0.550000011920929,0,0,0.5196217494089834,2.664098024368286
90,51,49,11,38,0,49,0.6576757431030273,0.5493197441101074,0.5330245494842529,0.5493197441101074,0.5493197441101074,0,0,0.5271867612293144,3.356574535369873
91,47,47,21,26,0,47,0.6579163074493408,0.554964542388916,0.5583018660545349,0.554964542388916,0.554964542388916,0,0,0.5484633569739953,2.585014581680298
92,49,43,8,35,0,43,0.6525536775588989,0.5988371968269348,0.5316400527954102,0.5988371968269348,0.5988371968269348,0,0,0.5224586288416075,2.7484138011932373
93,42,39,0,39,0,39,0.6583570837974548,0.5448718070983887,0.5483421683311462,0.5448718070983887,0.5448718070983887,0,0,0.5527186761229315,2.20041561126709
94,47,38,0,38,0,38,0.6530858874320984,0.5767543911933899,0.5289908647537231,0.5767543911933899,0.5767543911933899,0,0,0.5300236406619385,3.214130163192749
95,37,38,2,36,0,38,0.654838502407074,0.5767543911933899,0.5443200469017029,0.5767543911933899,0.5767543911933899,0,0,0.5432624113475177,2.324232578277588
96,48,37,0,37,0,37,0.6597216725349426,0.5563063025474548,0.5560922622680664,0.5563063025474548,0.5563063025474548,0,0,0.556501182033097,2.5046546459198
97,41,34,0,34,0,34,0.6579694747924805,0.5465686321258545,0.5450980067253113,0.5465686321258545,0.5465686321258545,0,0,0.5446808510638298,2.7849745750427246
98,52,66,20,46,0,66,0.6548666954040527,0.6060606241226196,0.575542688369751,0.6060606241226196,0.6060606241226196,0,0,0.5749408983451537,4.968452215194702
99,43,59,19,40,0,59,0.6550001502037048,0.5903955101966858,0.5867612361907959,0.5903955101966858,0.5903955101966858,0,0,0.5900709219858156,3.0035462379455566
