round,n_client_req,n_new_updates,n_ontime_updates,n_delayed_updates,n_malicious_updates,n_benign_updates,client_avg_loss_avg,client_train_acc_avg,client_test_acc_avg,benign_client_train_acc_avg,benign_client_test_acc_avg,malicious_client_train_acc_avg,malicious_client_test_acc_avg,accuracy_score,aggregator_time
0,100,36,36,0,0,36,0.691129207611084,0.4768518805503845,0.46335697174072266,0.4768518805503845,0.4768518805503845,0,0,0.46335697399527187,3.5694046020507812
1,93,59,53,6,0,59,0.6890223622322083,0.4830508232116699,0.46335700154304504,0.4830508232116699,0.4830508232116699,0,0,0.46335697399527187,5.317023038864136
2,91,32,29,3,0,32,0.6893174648284912,0.46875,0.46335697174072266,0.46875,0.46875,0,0,0.46335697399527187,2.3146932125091553
3,87,46,38,8,0,46,0.6870234608650208,0.4692029058933258,0.46335694193840027,0.4692029058933258,0.4692029058933258,0,0,0.46335697399527187,3.003986120223999
4,82,55,48,7,0,55,0.6879950165748596,0.4469697177410126,0.46335694193840027,0.4469697177410126,0.4469697177410126,0,0,0.46335697399527187,4.7392418384552
5,77,59,50,9,0,59,0.6853693723678589,0.4788135588169098,0.46335700154304504,0.4788135588169098,0.4788135588169098,0,0,0.46335697399527187,4.67772912979126
6,76,24,17,7,0,24,0.6840872168540955,0.472222238779068,0.46335697174072266,0.472222238779068,0.472222238779068,0,0,0.46335697399527187,2.3455097675323486
7,72,53,37,16,0,53,0.6862834095954895,0.4496855139732361,0.46335700154304504,0.4496855139732361,0.4496855139732361,0,0,0.46335697399527187,4.260736703872681
8,61,54,36,18,0,54,0.6838344931602478,0.4753086566925049,0.46335697174072266,0.4753086566925049,0.4753086566925049,0,0,0.46335697399527187,4.503647804260254
9,72,39,27,12,0,39,0.682641863822937,0.48076921701431274,0.46335700154304504,0.48076921701431274,0.48076921701431274,0,0,0.46335697399527187,2.997671604156494
10,72,58,46,12,0,58,0.6815675497055054,0.4813218414783478,0.46335700154304504,0.4813218414783478,0.4813218414783478,0,0,0.46335697399527187,5.155093193054199
11,68,35,16,19,0,35,0.6820070743560791,0.49761903285980225,0.46335700154304504,0.49761903285980225,0.49761903285980225,0,0,0.46335697399527187,3.616464376449585
12,66,35,20,15,0,35,0.6834554672241211,0.476190447807312,0.46335700154304504,0.476190447807312,0.476190447807312,0,0,0.46335697399527187,3.482313871383667
13,55,25,5,20,0,25,0.6837244629859924,0.4866666793823242,0.46335697174072266,0.4866666793823242,0.4866666793823242,0,0,0.46335697399527187,2.02506160736084
14,50,27,6,21,0,27,0.6859621405601501,0.4475308656692505,0.46335697174072266,0.4475308656692505,0.4475308656692505,0,0,0.46335697399527187,2.394270181655884
15,58,40,20,20,0,40,0.6855641603469849,0.4520832896232605,0.46335697174072266,0.4520832896232605,0.4520832896232605,0,0,0.46335697399527187,2.5691587924957275
16,50,17,5,12,0,17,0.6823221445083618,0.5147058963775635,0.46335697174072266,0.5147058963775635,0.5147058963775635,0,0,0.46335697399527187,1.5056431293487549
17,57,25,0,25,0,25,0.6849849224090576,0.46666666865348816,0.46335697174072266,0.46666666865348816,0.46666666865348816,0,0,0.46335697399527187,2.5611472129821777
18,42,22,0,22,0,22,0.6844082474708557,0.4696969985961914,0.46335697174072266,0.4696969985961914,0.4696969985961914,0,0,0.46335697399527187,2.939779043197632
19,37,49,17,32,0,49,0.6845019459724426,0.4608843922615051,0.46335694193840027,0.4608843922615051,0.4608843922615051,0,0,0.46335697399527187,3.3941965103149414
20,44,34,0,34,0,34,0.6857258677482605,0.480392187833786,0.46335697174072266,0.480392187833786,0.480392187833786,0,0,0.46335697399527187,2.8152592182159424
21,40,48,19,29,0,48,0.6839776039123535,0.4791666567325592,0.46335697174072266,0.4791666567325592,0.4791666567325592,0,0,0.46335697399527187,3.6335062980651855
22,35,30,0,30,0,30,0.6853254437446594,0.45277777314186096,0.46335697174072266,0.45277777314186096,0.45277777314186096,0,0,0.46335697399527187,3.0647695064544678
23,41,24,0,24,0,24,0.682736337184906,0.5,0.46335697174072266,0.5,0.5,0,0,0.46335697399527187,3.304760217666626
24,42,35,0,35,0,35,0.6861869096755981,0.4523809850215912,0.46335700154304504,0.4523809850215912,0.4523809850215912,0,0,0.46335697399527187,3.9269678592681885
25,38,31,0,31,0,31,0.6818500757217407,0.5107527375221252,0.46335697174072266,0.5107527375221252,0.5107527375221252,0,0,0.46335697399527187,4.227624893188477
26,36,37,2,35,0,37,0.6831793189048767,0.4842342734336853,0.46335694193840027,0.4842342734336853,0.4842342734336853,0,0,0.46335697399527187,3.351759672164917
27,35,47,4,43,0,47,0.6796546578407288,0.5195035934448242,0.4633569121360779,0.5195035934448242,0.5195035934448242,0,0,0.46335697399527187,4.456956624984741
28,38,39,0,39,0,39,0.6848299503326416,0.46581199765205383,0.46335700154304504,0.46581199765205383,0.46581199765205383,0,0,0.46335697399527187,4.24116849899292
29,43,30,0,30,0,30,0.6825562119483948,0.4861111044883728,0.46335697174072266,0.4861111044883728,0.4861111044883728,0,0,0.46335697399527187,3.0925700664520264
30,35,45,0,45,0,45,0.6813647747039795,0.5037037134170532,0.46335694193840027,0.5037037134170532,0.5037037134170532,0,0,0.46335697399527187,4.381282567977905
31,32,38,0,38,0,38,0.68589186668396,0.44298243522644043,0.46335697174072266,0.44298243522644043,0.44298243522644043,0,0,0.46335697399527187,3.710810899734497
32,43,56,3,53,0,56,0.6836134791374207,0.464285671710968,0.46335703134536743,0.464285671710968,0.464285671710968,0,0,0.46335697399527187,6.330891370773315
33,42,40,0,40,0,40,0.6832148432731628,0.46041664481163025,0.46335697174072266,0.46041664481163025,0.46041664481163025,0,0,0.46335697399527187,5.560975790023804
34,43,43,10,33,0,43,0.6838843822479248,0.45155036449432373,0.46335700154304504,0.45155036449432373,0.45155036449432373,0,0,0.46335697399527187,4.539987802505493
35,44,52,17,35,0,52,0.6812373399734497,0.47435900568962097,0.46335697174072266,0.47435900568962097,0.47435900568962097,0,0,0.46335697399527187,4.920179128646851
36,34,35,0,35,0,35,0.6824386119842529,0.46190473437309265,0.46335700154304504,0.46190473437309265,0.46190473437309265,0,0,0.46335697399527187,3.132406234741211
37,47,40,0,40,0,40,0.6813781261444092,0.4895833432674408,0.46335697174072266,0.4895833432674408,0.4895833432674408,0,0,0.46335697399527187,4.430230617523193
38,46,42,0,42,0,42,0.6823458075523376,0.472222238779068,0.4633569121360779,0.472222238779068,0.472222238779068,0,0,0.46335697399527187,3.8033602237701416
39,42,56,13,43,0,56,0.6821531653404236,0.455357164144516,0.46335703134536743,0.455357164144516,0.455357164144516,0,0,0.46335697399527187,5.458169460296631
40,49,51,0,51,0,51,0.681551456451416,0.47549018263816833,0.46335700154304504,0.47549018263816833,0.47549018263816833,0,0,0.46335697399527187,5.258886337280273
41,37,56,10,46,0,56,0.6810451745986938,0.4806548058986664,0.46335703134536743,0.4806548058986664,0.4806548058986664,0,0,0.46335697399527187,4.766976833343506
42,48,65,25,40,0,65,0.6790386438369751,0.5,0.46335697174072266,0.5,0.5,0,0,0.46335697399527187,5.8647589683532715
43,41,28,0,28,0,28,0.6854800581932068,0.425595223903656,0.46335697174072266,0.425595223903656,0.425595223903656,0,0,0.46335697399527187,3.408329486846924
44,44,43,8,35,0,43,0.6842023730278015,0.43410855531692505,0.46335700154304504,0.43410855531692505,0.43410855531692505,0,0,0.46335697399527187,4.684497356414795
45,42,55,0,55,0,55,0.6830835342407227,0.45151516795158386,0.46335694193840027,0.45151516795158386,0.45151516795158386,0,0,0.46335697399527187,5.726047992706299
46,50,56,22,34,0,56,0.6808008551597595,0.4761904776096344,0.46335703134536743,0.4761904776096344,0.4761904776096344,0,0,0.46335697399527187,6.90617299079895
47,51,63,20,43,0,63,0.680825412273407,0.47089946269989014,0.4633570611476898,0.47089946269989014,0.47089946269989014,0,0,0.46335697399527187,7.138124942779541
48,54,34,0,34,0,34,0.6846252083778381,0.43382352590560913,0.46335697174072266,0.43382352590560913,0.43382352590560913,0,0,0.46335697399527187,4.685273885726929
49,40,42,8,34,0,42,0.6800130009651184,0.4821428656578064,0.4633569121360779,0.4821428656578064,0.4821428656578064,0,0,0.46335697399527187,3.479224443435669
50,48,37,0,37,0,37,0.6833233833312988,0.44594594836235046,0.46335694193840027,0.44594594836235046,0.44594594836235046,0,0,0.46335697399527187,4.128651857376099
51,46,47,6,41,0,47,0.6793366074562073,0.4858156144618988,0.4633569121360779,0.4858156144618988,0.4858156144618988,0,0,0.46335697399527187,5.499014139175415
52,43,39,0,39,0,39,0.676235020160675,0.5320512056350708,0.46335700154304504,0.5320512056350708,0.5320512056350708,0,0,0.46335697399527187,4.4189324378967285
53,45,42,13,29,0,42,0.6809755563735962,0.4682539403438568,0.4633569121360779,0.4682539403438568,0.4682539403438568,0,0,0.46335697399527187,4.674562215805054
54,47,43,0,43,0,43,0.6798713803291321,0.47093021869659424,0.46335700154304504,0.47093021869659424,0.47093021869659424,0,0,0.46335697399527187,3.2987287044525146
55,46,29,0,29,0,29,0.6791501641273499,0.48563218116760254,0.46335697174072266,0.48563218116760254,0.48563218116760254,0,0,0.46335697399527187,1.1268064975738525
56,40,34,0,34,0,34,0.6798387169837952,0.47058820724487305,0.46335697174072266,0.47058820724487305,0.47058820724487305,0,0,0.46335697399527187,3.795952320098877
57,40,34,0,34,0,34,0.6810652613639832,0.46078431606292725,0.46335697174072266,0.46078431606292725,0.46078431606292725,0,0,0.46335697399527187,3.9297587871551514
58,41,30,0,30,0,30,0.6829280853271484,0.4444444477558136,0.46335697174072266,0.4444444477558136,0.4444444477558136,0,0,0.46335697399527187,2.3004636764526367
59,44,38,3,35,0,38,0.6812350749969482,0.46052637696266174,0.46335697174072266,0.46052637696266174,0.46052637696266174,0,0,0.46335697399527187,4.576385259628296
60,34,55,8,47,0,55,0.6785597205162048,0.4742424488067627,0.46335694193840027,0.4742424488067627,0.4742424488067627,0,0,0.46335697399527187,5.743265867233276
61,45,47,0,47,0,47,0.6798574328422546,0.4751772880554199,0.4633569121360779,0.4751772880554199,0.4751772880554199,0,0,0.46335697399527187,6.246979475021362
62,41,43,0,43,0,43,0.680776834487915,0.461240291595459,0.46335700154304504,0.461240291595459,0.461240291595459,0,0,0.46335697399527187,3.683159828186035
63,41,51,6,45,0,51,0.6790546178817749,0.46895426511764526,0.46335700154304504,0.46895426511764526,0.46895426511764526,0,0,0.46335697399527187,4.737363338470459
64,41,36,0,36,0,36,0.6791021823883057,0.4745370149612427,0.46335697174072266,0.4745370149612427,0.4745370149612427,0,0,0.46335697399527187,3.931527853012085
65,38,28,0,28,0,28,0.6781408190727234,0.4910714328289032,0.46335697174072266,0.4910714328289032,0.4910714328289032,0,0,0.46335697399527187,2.7091267108917236
66,40,64,4,60,0,64,0.6798630952835083,0.453125,0.46335697174072266,0.453125,0.453125,0,0,0.46335697399527187,5.234568357467651
67,45,51,0,51,0,51,0.6796397566795349,0.46078431606292725,0.46335700154304504,0.46078431606292725,0.46078431606292725,0,0,0.46335697399527187,4.1282501220703125
68,50,42,0,42,0,42,0.6771687269210815,0.4841269850730896,0.4633569121360779,0.4841269850730896,0.4841269850730896,0,0,0.46335697399527187,3.550699234008789
69,38,41,9,32,0,41,0.6748571395874023,0.5203251838684082,0.46335694193840027,0.5203251838684082,0.5203251838684082,0,0,0.46335697399527187,3.674957752227783
70,45,56,23,33,0,56,0.674583911895752,0.5044642686843872,0.46335703134536743,0.5044642686843872,0.5044642686843872,0,0,0.46335697399527187,6.22590446472168
71,50,45,13,32,0,45,0.6817150115966797,0.42592594027519226,0.46335694193840027,0.42592594027519226,0.42592594027519226,0,0,0.46335697399527187,3.9384584426879883
72,48,37,0,37,0,37,0.6792951226234436,0.45720720291137695,0.46335694193840027,0.45720720291137695,0.45720720291137695,0,0,0.46335697399527187,3.956850290298462
73,41,36,0,36,0,36,0.6803956031799316,0.4444444477558136,0.46335697174072266,0.4444444477558136,0.4444444477558136,0,0,0.46335697399527187,3.174690008163452
74,46,38,0,38,0,38,0.6799048781394958,0.4429824650287628,0.46335697174072266,0.4429824650287628,0.4429824650287628,0,0,0.46335697399527187,3.5289862155914307
75,38,28,0,28,0,28,0.681496798992157,0.4285714328289032,0.46335697174072266,0.4285714328289032,0.4285714328289032,0,0,0.46335697399527187,3.353215217590332
76,37,42,9,33,0,42,0.6803752779960632,0.4345238208770752,0.4633569121360779,0.4345238208770752,0.4345238208770752,0,0,0.46335697399527187,4.251465082168579
77,44,62,14,48,0,62,0.6760005354881287,0.4838709235191345,0.46335700154304504,0.4838709235191345,0.4838709235191345,0,0,0.46335697399527187,6.618087291717529
78,48,41,0,41,0,41,0.6739733815193176,0.5203251838684082,0.46335694193840027,0.5203251838684082,0.5203251838684082,0,0,0.46335697399527187,4.247784614562988
79,37,37,0,37,0,37,0.6786155700683594,0.4594593942165375,0.46335694193840027,0.4594593942165375,0.4594593942165375,0,0,0.46335697399527187,3.2798635959625244
80,53,38,0,38,0,38,0.6784109473228455,0.4583333730697632,0.46335697174072266,0.4583333730697632,0.4583333730697632,0,0,0.46335697399527187,5.003492832183838
81,35,36,0,36,0,36,0.6770538091659546,0.4722222089767456,0.46335697174072266,0.4722222089767456,0.4722222089767456,0,0,0.46335697399527187,3.05584979057312
82,42,44,0,44,0,44,0.677566647529602,0.4678030014038086,0.46335697174072266,0.4678030014038086,0.4678030014038086,0,0,0.46335697399527187,3.186777114868164
83,49,42,7,35,0,42,0.6766577959060669,0.4761904776096344,0.4633569121360779,0.4761904776096344,0.4761904776096344,0,0,0.46335697399527187,3.760451078414917
84,44,32,0,32,0,32,0.6747153401374817,0.4921875,0.46335697174072266,0.4921875,0.4921875,0,0,0.46335697399527187,2.724885940551758
85,44,34,0,34,0,34,0.6780067086219788,0.45098042488098145,0.46335697174072266,0.45098042488098145,0.45098042488098145,0,0,0.46335697399527187,4.04497766494751
86,43,71,20,51,0,71,0.6754176020622253,0.48004698753356934,0.46335697174072266,0.48004698753356934,0.48004698753356934,0,0,0.46335697399527187,8.800246238708496
87,42,53,8,45,0,53,0.6773133873939514,0.455974817276001,0.46335700154304504,0.455974817276001,0.455974817276001,0,0,0.46335697399527187,4.746424198150635
88,39,67,16,51,0,67,0.6750984787940979,0.4838308095932007,0.46335697174072266,0.4838308095932007,0.4838308095932007,0,0,0.46335697399527187,7.295226335525513
89,43,40,11,29,0,40,0.6765540838241577,0.4624999463558197,0.46335697174072266,0.4624999463558197,0.4624999463558197,0,0,0.46335697399527187,3.6883978843688965
90,51,49,11,38,0,49,0.676342785358429,0.4693877696990967,0.46335694193840027,0.4693877696990967,0.4693877696990967,0,0,0.46335697399527187,4.531289339065552
91,47,47,21,26,0,47,0.6772528886795044,0.4503546357154846,0.4633569121360779,0.4503546357154846,0.4503546357154846,0,0,0.46335697399527187,3.895822048187256
92,49,43,8,35,0,43,0.6721644997596741,0.5135658979415894,0.46335700154304504,0.5135658979415894,0.5135658979415894,0,0,0.46335697399527187,4.550575494766235
93,42,39,0,39,0,39,0.6774868369102478,0.4465811848640442,0.46335700154304504,0.4465811848640442,0.4465811848640442,0,0,0.46335697399527187,3.313244342803955
94,47,38,0,38,0,38,0.6727566719055176,0.5021929740905762,0.46335697174072266,0.5021929740905762,0.5021929740905762,0,0,0.46335697399527187,4.137348651885986
95,37,38,2,36,0,38,0.6746004223823547,0.48245614767074585,0.46335697174072266,0.48245614767074585,0.48245614767074585,0,0,0.46335697399527187,3.6929783821105957
96,48,37,0,37,0,37,0.6785688400268555,0.4256756901741028,0.46335694193840027,0.4256756901741028,0.4256756901741028,0,0,0.46335697399527187,3.399190902709961
97,41,34,0,34,0,34,0.6769624948501587,0.4583333432674408,0.46335697174072266,0.4583333432674408,0.4583333432674408,0,0,0.46335697399527187,2.4425175189971924
98,52,66,20,46,0,66,0.6754118800163269,0.45328283309936523,0.46335697174072266,0.45328283309936523,0.45328283309936523,0,0,0.46335697399527187,5.775460481643677
99,43,59,19,40,0,59,0.6753624677658081,0.45621466636657715,0.46335700154304504,0.45621466636657715,0.45621466636657715,0,0,0.46335697399527187,4.69605827331543
