round,n_client_req,n_new_updates,n_ontime_updates,n_delayed_updates,n_malicious_updates,n_benign_updates,client_avg_loss_avg,client_train_acc_avg,client_test_acc_avg,benign_client_train_acc_avg,benign_client_test_acc_avg,malicious_client_train_acc_avg,malicious_client_test_acc_avg,accuracy_score,aggregator_time
0,100,36,36,0,0,36,0.6958815455436707,0.5805554986000061,0.5006666779518127,0.5805554986000061,0.5805554986000061,0,0,0.5,0.37078309059143066
1,97,75,69,6,0,75,0.6838276386260986,0.6240000128746033,0.5049867033958435,0.6240000128746033,0.6240000128746033,0,0,0.5,0.35712718963623047
2,92,55,52,3,0,55,0.6701147556304932,0.6563636064529419,0.5182454586029053,0.6563636064529419,0.6563636064529419,0,0,0.5,0.7498960494995117
3,86,46,43,3,0,46,0.6575170755386353,0.6326087117195129,0.5176847577095032,0.6326087117195129,0.6326087117195129,0,0,0.5005,0.1533808708190918
4,88,61,55,6,0,61,0.647928774356842,0.6754098534584045,0.5300573110580444,0.6754098534584045,0.6754098534584045,0,0,0.5165,0.35524654388427734
5,85,25,16,9,0,25,0.6553380489349365,0.6880000233650208,0.5270400047302246,0.6880000233650208,0.6880000233650208,0,0,0.5,0.1440291404724121
6,72,42,37,5,0,42,0.6354625821113586,0.7000000476837158,0.5685119032859802,0.7000000476837158,0.7000000476837158,0,0,0.531,0.34821105003356934
7,64,29,15,14,0,29,0.6317613124847412,0.7034481763839722,0.5543792843818665,0.7034481763839722,0.7034481763839722,0,0,0.524,0.44390082359313965
8,78,55,42,13,0,55,0.6092579364776611,0.6599999070167542,0.5253726840019226,0.6599999070167542,0.6599999070167542,0,0,0.5155,0.2171475887298584
9,69,24,17,7,0,24,0.5924386382102966,0.6833333373069763,0.5570625066757202,0.6833333373069763,0.6833333373069763,0,0,0.519,0.17542099952697754
10,59,10,0,10,0,10,0.6590699553489685,0.6599999666213989,0.5208500623703003,0.6599999666213989,0.6599999666213989,0,0,0.519,0.013295888900756836
11,61,38,24,14,0,38,0.5834653377532959,0.6342105269432068,0.5290263295173645,0.6342105269432068,0.6342105269432068,0,0,0.5035,0.26317524909973145
12,51,29,12,17,0,29,0.6006365418434143,0.6586206555366516,0.5596379041671753,0.6586206555366516,0.6586206555366516,0,0,0.557,0.24367880821228027
13,59,53,34,19,0,53,0.5866892337799072,0.6283018589019775,0.542113184928894,0.6283018589019775,0.6283018589019775,0,0,0.5145,0.17202997207641602
14,53,23,0,23,0,23,0.6075612306594849,0.643478274345398,0.5422174334526062,0.643478274345398,0.643478274345398,0,0,0.5145,0.007224559783935547
15,56,59,31,28,0,59,0.5737699270248413,0.6898305416107178,0.5891949534416199,0.6898305416107178,0.6898305416107178,0,0,0.552,0.15072011947631836
16,46,22,0,22,0,22,0.6236926913261414,0.6545454263687134,0.5250909328460693,0.6545454263687134,0.6545454263687134,0,0,0.552,0.008490562438964844
17,44,42,22,20,0,42,0.5843913555145264,0.6880952715873718,0.5557143092155457,0.6880952715873718,0.6880952715873718,0,0,0.51,0.254223108291626
18,53,22,0,22,0,22,0.6233847141265869,0.6636364459991455,0.5549545288085938,0.6636364459991455,0.6636364459991455,0,0,0.51,0.00838017463684082
19,38,39,14,25,0,39,0.5859019756317139,0.6692307591438293,0.5750640630722046,0.6692307591438293,0.6692307591438293,0,0,0.5585,0.2321605682373047
20,44,34,3,31,0,34,0.6293517351150513,0.6676470637321472,0.537397027015686,0.6676470637321472,0.6676470637321472,0,0,0.5,0.2639048099517822
21,41,24,0,24,0,24,0.5798395276069641,0.7125000357627869,0.5576874613761902,0.7125000357627869,0.7125000357627869,0,0,0.5,0.008438825607299805
22,46,29,0,29,0,29,0.5947932004928589,0.6551724076271057,0.5652413368225098,0.6551724076271057,0.6551724076271057,0,0,0.5,0.002376079559326172
23,35,39,0,39,0,39,0.5919183492660522,0.607692301273346,0.5331282019615173,0.607692301273346,0.607692301273346,0,0,0.5,0.005244255065917969
24,39,54,6,48,0,54,0.588036835193634,0.664814829826355,0.5535833835601807,0.664814829826355,0.664814829826355,0,0,0.5145,0.2511308193206787
25,36,38,0,38,0,38,0.5941659808158875,0.6105263233184814,0.5712236762046814,0.6105263233184814,0.6105263233184814,0,0,0.5145,0.02370476722717285
26,40,38,0,38,0,38,0.5995885133743286,0.6684210896492004,0.5514473915100098,0.6684210896492004,0.6684210896492004,0,0,0.5145,0.008341550827026367
27,42,40,0,40,0,40,0.5887295007705688,0.6600000262260437,0.5525625348091125,0.6600000262260437,0.6600000262260437,0,0,0.5145,0.0045125484466552734
28,47,44,0,44,0,44,0.5826396346092224,0.6840908527374268,0.5896477103233337,0.6840908527374268,0.6840908527374268,0,0,0.5145,0.00732874870300293
29,45,56,14,42,0,56,0.5752140879631042,0.6517857313156128,0.5876250267028809,0.6517857313156128,0.6517857313156128,0,0,0.53,0.2512052059173584
30,39,40,0,40,0,40,0.5715288519859314,0.6425000429153442,0.5578374862670898,0.6425000429153442,0.6425000429153442,0,0,0.53,0.003870725631713867
31,47,48,0,48,0,48,0.5888664126396179,0.6187500357627869,0.5385624766349792,0.6187500357627869,0.6187500357627869,0,0,0.53,0.006589174270629883
32,39,36,0,36,0,36,0.5693119764328003,0.6722222566604614,0.5875139236450195,0.6722222566604614,0.6722222566604614,0,0,0.53,0.006380319595336914
33,55,42,0,42,0,42,0.5803637504577637,0.6166666746139526,0.5601547360420227,0.6166666746139526,0.6166666746139526,0,0,0.53,0.005990028381347656
34,34,40,0,40,0,40,0.549820065498352,0.6649999618530273,0.5937874913215637,0.6649999618530273,0.6649999618530273,0,0,0.53,0.002065420150756836
35,42,59,15,44,0,59,0.556072473526001,0.6627119183540344,0.5660169720649719,0.6627119183540344,0.6627119183540344,0,0,0.5265,0.4099407196044922
36,50,68,28,40,0,68,0.5358529090881348,0.6352941989898682,0.5614485740661621,0.6352941989898682,0.6352941989898682,0,0,0.511,0.37636542320251465
37,38,55,10,45,0,55,0.5319676995277405,0.6472727060317993,0.574609100818634,0.6472727060317993,0.6472727060317993,0,0,0.5125,0.2012631893157959
38,50,53,3,50,0,53,0.5504176020622253,0.639622688293457,0.599311351776123,0.639622688293457,0.639622688293457,0,0,0.5945,0.20613765716552734
39,44,52,19,33,0,52,0.5565798282623291,0.6384614706039429,0.5689710974693298,0.6384614706039429,0.6384614706039429,0,0,0.518,0.2970094680786133
40,49,52,16,36,0,52,0.5479745864868164,0.6365384459495544,0.5970288515090942,0.6365384459495544,0.6365384459495544,0,0,0.5835,0.23032593727111816
41,47,34,0,34,0,34,0.5364761352539062,0.6205883026123047,0.5622941255569458,0.6205883026123047,0.6205883026123047,0,0,0.5835,0.003709554672241211
42,38,57,11,46,0,57,0.5330963730812073,0.6333333849906921,0.5753771662712097,0.6333333849906921,0.6333333849906921,0,0,0.5675,0.2735300064086914
43,57,76,37,39,0,76,0.5237808227539062,0.6710525751113892,0.5885329246520996,0.6710525751113892,0.6710525751113892,0,0,0.532,0.4443175792694092
44,46,32,0,32,0,32,0.5154623985290527,0.6656250357627869,0.6009063124656677,0.6656250357627869,0.6656250357627869,0,0,0.532,0.0020055770874023438
45,51,55,14,41,0,55,0.5260704159736633,0.6599999666213989,0.620127260684967,0.6599999666213989,0.6599999666213989,0,0,0.5875,0.1177527904510498
46,49,42,0,42,0,42,0.572424590587616,0.6785714030265808,0.6170833706855774,0.6785714030265808,0.6785714030265808,0,0,0.5875,0.014091968536376953
47,57,46,0,46,0,46,0.5385357737541199,0.6260870099067688,0.5912717580795288,0.6260870099067688,0.6260870099067688,0,0,0.5875,0.004044771194458008
48,54,46,0,46,0,46,0.52357017993927,0.6739130616188049,0.6328152418136597,0.6739130616188049,0.6739130616188049,0,0,0.5875,0.0044002532958984375
49,45,34,7,27,0,34,0.5551615357398987,0.673529326915741,0.6124558448791504,0.673529326915741,0.673529326915741,0,0,0.646,0.2603285312652588
50,49,38,1,37,0,38,0.5528073906898499,0.6342105269432068,0.5995658040046692,0.6342105269432068,0.6342105269432068,0,0,0.535,0.2113358974456787
51,50,31,0,31,0,31,0.5339916348457336,0.6645162105560303,0.6180645227432251,0.6645162105560303,0.6645162105560303,0,0,0.535,0.012562036514282227
52,38,58,14,44,0,58,0.5432577729225159,0.6810345649719238,0.6450086236000061,0.6810345649719238,0.6810345649719238,0,0,0.713,0.33774781227111816
53,38,40,7,33,0,40,0.5035922527313232,0.6874999403953552,0.6034500002861023,0.6874999403953552,0.6874999403953552,0,0,0.545,0.4834926128387451
54,48,38,0,38,0,38,0.48920926451683044,0.6736842393875122,0.6230921745300293,0.6736842393875122,0.6736842393875122,0,0,0.545,0.001987934112548828
55,42,37,0,37,0,37,0.5202420949935913,0.6918919086456299,0.6471620798110962,0.6918919086456299,0.6918919086456299,0,0,0.545,0.004525661468505859
56,43,40,0,40,0,40,0.533858060836792,0.7224999666213989,0.6442874670028687,0.7224999666213989,0.7224999666213989,0,0,0.545,0.003980159759521484
57,44,34,0,34,0,34,0.5038491487503052,0.7058823704719543,0.6515882015228271,0.7058823704719543,0.7058823704719543,0,0,0.545,0.0025141239166259766
58,43,44,4,40,0,44,0.524611234664917,0.7386363744735718,0.6864772439002991,0.7386363744735718,0.7386363744735718,0,0,0.691,0.3467097282409668
59,45,31,0,31,0,31,0.5102161765098572,0.7129032015800476,0.632580578327179,0.7129032015800476,0.7129032015800476,0,0,0.691,0.011242151260375977
60,39,35,0,35,0,35,0.5189658999443054,0.7257143259048462,0.6466856598854065,0.7257143259048462,0.7257143259048462,0,0,0.691,0.006428241729736328
61,41,34,0,34,0,34,0.501242995262146,0.7264705896377563,0.625808835029602,0.7264705896377563,0.7264705896377563,0,0,0.691,0.005486011505126953
62,39,32,0,32,0,32,0.5548819303512573,0.7093750238418579,0.6472969055175781,0.7093750238418579,0.7093750238418579,0,0,0.691,0.010138750076293945
63,42,38,5,33,0,38,0.48018887639045715,0.7736842036247253,0.686684250831604,0.7736842036247253,0.7736842036247253,0,0,0.6885,0.2006218433380127
64,28,44,0,44,0,44,0.5089182257652283,0.7409091591835022,0.6572158932685852,0.7409091591835022,0.7409091591835022,0,0,0.6885,0.0017566680908203125
65,34,32,0,32,0,32,0.5301005244255066,0.7656249403953552,0.6722812652587891,0.7656249403953552,0.7656249403953552,0,0,0.6885,0.001645803451538086
66,38,63,18,45,0,63,0.5232077836990356,0.752380907535553,0.6817222833633423,0.752380907535553,0.752380907535553,0,0,0.7325,0.1549079418182373
67,44,58,21,37,0,58,0.5129673480987549,0.7379310727119446,0.6760258674621582,0.7379310727119446,0.7379310727119446,0,0,0.739,0.1953880786895752
68,43,38,0,38,0,38,0.5075806379318237,0.7157894968986511,0.6356315612792969,0.7157894968986511,0.7157894968986511,0,0,0.739,0.006869792938232422
69,38,30,0,30,0,30,0.5123259425163269,0.7700000405311584,0.6664000153541565,0.7700000405311584,0.7700000405311584,0,0,0.739,0.004706621170043945
70,46,34,0,34,0,34,0.49817389249801636,0.7852940559387207,0.6912352442741394,0.7852940559387207,0.7852940559387207,0,0,0.739,0.004579305648803711
71,44,66,17,49,0,66,0.5126515626907349,0.7712121605873108,0.6771818399429321,0.7712121605873108,0.7712121605873108,0,0,0.7435,0.6231186389923096
72,43,53,20,33,0,53,0.4805319905281067,0.7452830076217651,0.6597736477851868,0.7452830076217651,0.7452830076217651,0,0,0.712,0.2661314010620117
73,43,33,0,33,0,33,0.503182590007782,0.8030304312705994,0.7103485465049744,0.8030304312705994,0.8030304312705994,0,0,0.712,0.007730007171630859
74,38,53,0,53,0,53,0.49993884563446045,0.7716981172561646,0.6929244995117188,0.7716981172561646,0.7716981172561646,0,0,0.712,0.010256767272949219
75,48,52,23,29,0,52,0.48791152238845825,0.7807692289352417,0.6947499513626099,0.7807692289352417,0.7807692289352417,0,0,0.7905,0.33930516242980957
76,37,42,0,42,0,42,0.508653998374939,0.8595238924026489,0.7006547451019287,0.8595238924026489,0.8595238924026489,0,0,0.7905,0.0032613277435302734
77,37,34,0,34,0,34,0.5209506154060364,0.8058823347091675,0.7292941808700562,0.8058823347091675,0.8058823347091675,0,0,0.7905,0.009317159652709961
78,45,51,17,34,0,51,0.4907569885253906,0.760784387588501,0.6933529376983643,0.760784387588501,0.760784387588501,0,0,0.7425,0.44432687759399414
79,40,41,0,41,0,41,0.5177196264266968,0.7999999523162842,0.7010121941566467,0.7999999523162842,0.7999999523162842,0,0,0.7425,0.003682851791381836
80,49,47,8,39,0,47,0.48947674036026,0.7574467658996582,0.6746914386749268,0.7574467658996582,0.7574467658996582,0,0,0.7655,0.31528401374816895
81,57,53,7,46,0,53,0.4938245713710785,0.8169811964035034,0.7138113975524902,0.8169811964035034,0.8169811964035034,0,0,0.838,0.5087337493896484
82,48,35,0,35,0,35,0.49383702874183655,0.8114285469055176,0.7029857635498047,0.8114285469055176,0.8114285469055176,0,0,0.838,0.008298635482788086
83,37,40,0,40,0,40,0.5493261218070984,0.7675000429153442,0.6811374425888062,0.7675000429153442,0.7675000429153442,0,0,0.838,0.002696990966796875
84,41,31,0,31,0,31,0.5243251919746399,0.7870967388153076,0.7055806517601013,0.7870967388153076,0.7870967388153076,0,0,0.838,0.020423412322998047
85,44,30,0,30,0,30,0.5591391324996948,0.7833333611488342,0.7484666705131531,0.7833333611488342,0.7833333611488342,0,0,0.838,0.0024220943450927734
86,40,50,0,50,0,50,0.5066819787025452,0.8159999251365662,0.7005100250244141,0.8159999251365662,0.8159999251365662,0,0,0.838,0.006215333938598633
87,41,38,0,38,0,38,0.4788971543312073,0.7894737124443054,0.695763111114502,0.7894737124443054,0.7894737124443054,0,0,0.838,0.00603175163269043
88,38,45,9,36,0,45,0.49156883358955383,0.8266667127609253,0.722422182559967,0.8266667127609253,0.8266667127609253,0,0,0.797,0.3790454864501953
89,44,34,0,34,0,34,0.4689541161060333,0.8088235259056091,0.6948235630989075,0.8088235259056091,0.8088235259056091,0,0,0.797,0.008764505386352539
90,40,59,6,53,0,59,0.4735538065433502,0.7966101765632629,0.7251948714256287,0.7966101765632629,0.7966101765632629,0,0,0.791,0.43865132331848145
91,41,51,13,38,0,51,0.4760655462741852,0.8490195870399475,0.726951003074646,0.8490195870399475,0.8490195870399475,0,0,0.844,0.25066232681274414
92,34,33,0,33,0,33,0.45869049429893494,0.7787879109382629,0.6902726888656616,0.7787879109382629,0.7787879109382629,0,0,0.844,0.003725290298461914
93,41,41,4,37,0,41,0.4970551133155823,0.8365853428840637,0.7311585545539856,0.8365853428840637,0.8365853428840637,0,0,0.844,0.23724102973937988
94,45,48,0,48,0,48,0.48342418670654297,0.7895833849906921,0.6827604174613953,0.7895833849906921,0.7895833849906921,0,0,0.844,0.00685572624206543
95,46,48,9,39,0,48,0.46923860907554626,0.8041666150093079,0.7299895882606506,0.8041666150093079,0.8041666150093079,0,0,0.7545,0.21384096145629883
96,39,34,2,32,0,34,0.4691888689994812,0.8176469802856445,0.701205849647522,0.8176469802856445,0.8176469802856445,0,0,0.809,0.23622798919677734
97,44,36,3,33,0,36,0.4763132631778717,0.7694444060325623,0.7190417051315308,0.7694444060325623,0.7694444060325623,0,0,0.8015,0.3394443988800049
98,41,42,0,42,0,42,0.4907802939414978,0.8000000715255737,0.6875594854354858,0.8000000715255737,0.8000000715255737,0,0,0.8015,0.007318019866943359
99,44,32,4,28,0,32,0.5279190540313721,0.824999988079071,0.7359062433242798,0.824999988079071,0.824999988079071,0,0,0.766,0.4174356460571289
