round,n_client_req,n_new_updates,n_ontime_updates,n_delayed_updates,n_malicious_updates,n_benign_updates,client_avg_loss_avg,client_train_acc_avg,client_test_acc_avg,benign_client_train_acc_avg,benign_client_test_acc_avg,malicious_client_train_acc_avg,malicious_client_test_acc_avg,accuracy_score,aggregator_time
0,100,36,36,0,0,36,0.691129207611084,0.4768518805503845,0.46335697174072266,0.4768518805503845,0.4768518805503845,0,0,0.46335697399527187,0.20958495140075684
1,93,71,65,6,0,71,0.6886245012283325,0.48591548204421997,0.46335697174072266,0.48591548204421997,0.48591548204421997,0,0,0.46335697399527187,0.22864079475402832
2,93,56,53,3,0,56,0.6883786916732788,0.4732142984867096,0.46335703134536743,0.4732142984867096,0.4732142984867096,0,0,0.46335697399527187,0.07991695404052734
3,97,57,54,3,0,57,0.6874039769172668,0.46929824352264404,0.46335703134536743,0.46929824352264404,0.46929824352264404,0,0,0.46335697399527187,0.19861268997192383
4,84,52,46,6,0,52,0.6877294778823853,0.4503205120563507,0.46335697174072266,0.4503205120563507,0.4503205120563507,0,0,0.46335697399527187,0.0723564624786377
5,81,25,15,10,0,25,0.6849167346954346,0.49000003933906555,0.46335697174072266,0.49000003933906555,0.49000003933906555,0,0,0.46335697399527187,0.049440622329711914
6,74,52,44,8,0,52,0.6855987906455994,0.45673078298568726,0.46335697174072266,0.45673078298568726,0.45673078298568726,0,0,0.46335697399527187,0.0773463249206543
7,73,64,52,12,0,64,0.6840057969093323,0.4661458134651184,0.46335697174072266,0.4661458134651184,0.4661458134651184,0,0,0.46335697399527187,0.2327404022216797
8,70,46,34,12,0,46,0.683768630027771,0.4637681245803833,0.46335694193840027,0.4637681245803833,0.4637681245803833,0,0,0.46335697399527187,0.07325434684753418
9,67,21,15,6,0,21,0.6809991598129272,0.5000000596046448,0.46335697174072266,0.5000000596046448,0.5000000596046448,0,0,0.46335697399527187,0.04985523223876953
10,64,29,13,16,0,29,0.6872119307518005,0.43103447556495667,0.46335697174072266,0.43103447556495667,0.43103447556495667,0,0,0.46335697399527187,0.0580291748046875
11,57,11,0,11,0,11,0.68721604347229,0.42424246668815613,0.46335697174072266,0.42424246668815613,0.42424246668815613,0,0,0.46335697399527187,0.0451507568359375
12,54,47,31,16,0,47,0.683013916015625,0.46099284291267395,0.4633569121360779,0.46099284291267395,0.46099284291267395,0,0,0.46335697399527187,0.07350587844848633
13,56,41,22,19,0,41,0.6835507154464722,0.45121949911117554,0.46335694193840027,0.45121949911117554,0.45121949911117554,0,0,0.46335697399527187,0.1973414421081543
14,54,22,0,22,0,22,0.6846546530723572,0.4772726893424988,0.46335697174072266,0.4772726893424988,0.4772726893424988,0,0,0.46335697399527187,0.05086159706115723
15,48,48,23,25,0,48,0.6826340556144714,0.4739583432674408,0.46335697174072266,0.4739583432674408,0.4739583432674408,0,0,0.46335697399527187,0.07306432723999023
16,44,25,3,22,0,25,0.6843967437744141,0.46666663885116577,0.46335697174072266,0.46666663885116577,0.46666663885116577,0,0,0.46335697399527187,0.051155805587768555
17,42,29,15,14,0,29,0.6856428980827332,0.4252873361110687,0.46335697174072266,0.4252873361110687,0.4252873361110687,0,0,0.46335697399527187,0.05328035354614258
18,46,25,7,18,0,25,0.6827671527862549,0.4766666293144226,0.46335697174072266,0.4766666293144226,0.4766666293144226,0,0,0.46335697399527187,0.05155324935913086
19,58,61,32,29,0,61,0.6807065606117249,0.4890710413455963,0.46335703134536743,0.4890710413455963,0.4890710413455963,0,0,0.46335697399527187,0.08268332481384277
20,46,43,16,27,0,43,0.6824873089790344,0.47480618953704834,0.46335700154304504,0.47480618953704834,0.47480618953704834,0,0,0.46335697399527187,0.0688164234161377
21,39,22,0,22,0,22,0.6808043122291565,0.5189394354820251,0.46335697174072266,0.5189394354820251,0.5189394354820251,0,0,0.46335697399527187,0.04875826835632324
22,47,29,0,29,0,29,0.6832891702651978,0.4712643325328827,0.46335697174072266,0.4712643325328827,0.4712643325328827,0,0,0.46335697399527187,0.17691326141357422
23,42,33,0,33,0,33,0.6817627549171448,0.47979792952537537,0.46335697174072266,0.47979792952537537,0.47979792952537537,0,0,0.46335697399527187,0.05736899375915527
24,43,45,2,43,0,45,0.683054506778717,0.47962963581085205,0.46335694193840027,0.47962963581085205,0.47962963581085205,0,0,0.46335697399527187,0.07276535034179688
25,39,36,0,36,0,36,0.6842935085296631,0.4583333432674408,0.46335697174072266,0.4583333432674408,0.4583333432674408,0,0,0.46335697399527187,0.06035637855529785
26,45,36,0,36,0,36,0.6876882314682007,0.4166666865348816,0.46335697174072266,0.4166666865348816,0.4166666865348816,0,0,0.46335697399527187,0.06048321723937988
27,45,36,0,36,0,36,0.6808387041091919,0.49768516421318054,0.46335697174072266,0.49768516421318054,0.49768516421318054,0,0,0.46335697399527187,0.062041282653808594
28,41,49,15,34,0,49,0.6800107359886169,0.488095223903656,0.46335694193840027,0.488095223903656,0.488095223903656,0,0,0.46335697399527187,0.07352542877197266
29,45,54,13,41,0,54,0.6823868751525879,0.458333283662796,0.46335697174072266,0.458333283662796,0.458333283662796,0,0,0.46335697399527187,0.3189718723297119
30,38,47,12,35,0,47,0.679405152797699,0.5,0.4633569121360779,0.5,0.5,0,0,0.46335697399527187,0.08262252807617188
31,35,50,0,50,0,50,0.6818863749504089,0.46666666865348816,0.46335697174072266,0.46666666865348816,0.46666666865348816,0,0,0.46335697399527187,0.07788586616516113
32,41,57,17,40,0,57,0.6816087961196899,0.46052631735801697,0.46335703134536743,0.46052631735801697,0.46052631735801697,0,0,0.46335697399527187,0.082275390625
33,41,40,0,40,0,40,0.6811362504959106,0.4791666865348816,0.46335697174072266,0.4791666865348816,0.4791666865348816,0,0,0.46335697399527187,0.1915285587310791
34,38,52,18,34,0,52,0.6793015599250793,0.4759615361690521,0.46335697174072266,0.4759615361690521,0.4759615361690521,0,0,0.46335697399527187,0.07692670822143555
35,50,36,0,36,0,36,0.6850564479827881,0.4120370149612427,0.46335697174072266,0.4120370149612427,0.4120370149612427,0,0,0.46335697399527187,0.06267809867858887
36,53,33,0,33,0,33,0.6819698810577393,0.4621211886405945,0.46335697174072266,0.4621211886405945,0.4621211886405945,0,0,0.46335697399527187,0.057645320892333984
37,46,63,19,44,0,63,0.6791114211082458,0.4722221791744232,0.4633570611476898,0.4722221791744232,0.4722221791744232,0,0,0.46335697399527187,0.23982024192810059
38,53,41,0,41,0,41,0.6775776743888855,0.5,0.46335694193840027,0.5,0.5,0,0,0.46335697399527187,0.06507563591003418
39,51,67,30,37,0,67,0.6809009909629822,0.4527362883090973,0.46335697174072266,0.4527362883090973,0.4527362883090973,0,0,0.46335697399527187,0.0884547233581543
40,48,31,0,31,0,31,0.6770144104957581,0.5080645084381104,0.46335697174072266,0.5080645084381104,0.5080645084381104,0,0,0.46335697399527187,0.05515718460083008
41,53,37,3,34,0,37,0.6805782318115234,0.45495498180389404,0.46335694193840027,0.45495498180389404,0.45495498180389404,0,0,0.46335697399527187,0.06789493560791016
42,39,65,18,47,0,65,0.6798694729804993,0.4602563977241516,0.46335697174072266,0.4602563977241516,0.4602563977241516,0,0,0.46335697399527187,0.21761608123779297
43,44,54,13,41,0,54,0.6806885004043579,0.44598767161369324,0.46335697174072266,0.44598767161369324,0.44598767161369324,0,0,0.46335697399527187,0.08189702033996582
44,45,40,0,40,0,40,0.6800447702407837,0.4583333432674408,0.46335697174072266,0.4583333432674408,0.4583333432674408,0,0,0.46335697399527187,0.06722450256347656
45,47,31,0,31,0,31,0.6804739236831665,0.45967742800712585,0.46335697174072266,0.45967742800712585,0.45967742800712585,0,0,0.46335697399527187,0.05720925331115723
46,37,42,0,42,0,42,0.6789866089820862,0.4682539999485016,0.4633569121360779,0.4682539999485016,0.4682539999485016,0,0,0.46335697399527187,0.21191620826721191
47,55,57,13,44,0,57,0.681739866733551,0.429824560880661,0.46335703134536743,0.429824560880661,0.429824560880661,0,0,0.46335697399527187,0.08116006851196289
48,58,42,2,40,0,42,0.6778624057769775,0.4742063283920288,0.4633569121360779,0.4742063283920288,0.4742063283920288,0,0,0.46335697399527187,0.06739282608032227
49,42,41,0,41,0,41,0.6784102320671082,0.4674797058105469,0.46335694193840027,0.4674797058105469,0.4674797058105469,0,0,0.46335697399527187,0.062206268310546875
50,48,37,0,37,0,37,0.6775969862937927,0.4932432472705841,0.46335694193840027,0.4932432472705841,0.4932432472705841,0,0,0.46335697399527187,0.06237912178039551
51,44,49,17,32,0,49,0.6782984137535095,0.46088436245918274,0.46335694193840027,0.46088436245918274,0.46088436245918274,0,0,0.46335697399527187,0.0728003978729248
52,44,57,9,48,0,57,0.6759347915649414,0.48830410838127136,0.46335703134536743,0.48830410838127136,0.48830410838127136,0,0,0.46335697399527187,0.2097184658050537
53,43,42,0,42,0,42,0.679658055305481,0.4583333432674408,0.4633569121360779,0.4583333432674408,0.4583333432674408,0,0,0.46335697399527187,0.06422066688537598
54,52,58,17,41,0,58,0.6768949627876282,0.47270113229751587,0.46335700154304504,0.47270113229751587,0.47270113229751587,0,0,0.46335697399527187,0.08365726470947266
55,47,54,16,38,0,54,0.6774205565452576,0.4660494029521942,0.46335697174072266,0.4660494029521942,0.4660494029521942,0,0,0.46335697399527187,0.07620716094970703
56,48,38,0,38,0,38,0.676433265209198,0.48245614767074585,0.46335697174072266,0.48245614767074585,0.48245614767074585,0,0,0.46335697399527187,0.06067705154418945
57,44,62,18,44,0,62,0.6759791970252991,0.4744623899459839,0.46335700154304504,0.4744623899459839,0.4744623899459839,0,0,0.46335697399527187,0.19324541091918945
58,37,33,0,33,0,33,0.6801789402961731,0.42171716690063477,0.46335697174072266,0.42171716690063477,0.42171716690063477,0,0,0.46335697399527187,0.06046152114868164
59,49,65,23,42,0,65,0.6754118204116821,0.4794871509075165,0.46335697174072266,0.4794871509075165,0.4794871509075165,0,0,0.46335697399527187,0.08705282211303711
60,56,36,8,28,0,36,0.6733967661857605,0.49768516421318054,0.46335697174072266,0.49768516421318054,0.49768516421318054,0,0,0.46335697399527187,0.06076192855834961
61,42,45,2,43,0,45,0.676067590713501,0.47037041187286377,0.46335694193840027,0.47037041187286377,0.47037041187286377,0,0,0.46335697399527187,0.06715798377990723
62,43,35,0,35,0,35,0.6772106885910034,0.45714282989501953,0.46335700154304504,0.45714282989501953,0.45714282989501953,0,0,0.46335697399527187,0.058886051177978516
63,48,41,4,37,0,41,0.673858106136322,0.4918699562549591,0.46335694193840027,0.4918699562549591,0.4918699562549591,0,0,0.46335697399527187,0.12587857246398926
64,45,55,24,31,0,55,0.6745208501815796,0.4727272689342499,0.46335694193840027,0.4727272689342499,0.4727272689342499,0,0,0.46335697399527187,0.07827520370483398
65,48,68,17,51,0,68,0.6735314726829529,0.4852941036224365,0.46335697174072266,0.4852941036224365,0.4852941036224365,0,0,0.46335697399527187,0.10628080368041992
66,56,63,28,35,0,63,0.6745831966400146,0.4722221791744232,0.4633570611476898,0.4722221791744232,0.4722221791744232,0,0,0.46335697399527187,0.21638131141662598
67,47,55,19,36,0,55,0.6743292808532715,0.47121211886405945,0.46335694193840027,0.47121211886405945,0.47121211886405945,0,0,0.46335697399527187,0.08210492134094238
68,53,51,16,35,0,51,0.6749854683876038,0.45098039507865906,0.46335700154304504,0.45098039507865906,0.45098039507865906,0,0,0.46335697399527187,0.0799105167388916
69,45,38,14,24,0,38,0.676922082901001,0.44078946113586426,0.46335697174072266,0.44078946113586426,0.44078946113586426,0,0,0.46335697399527187,0.18325328826904297
70,54,43,0,43,0,43,0.6744989156723022,0.4748062193393707,0.46335700154304504,0.4748062193393707,0.4748062193393707,0,0,0.46335697399527187,0.06594228744506836
71,50,58,17,41,0,58,0.6748853325843811,0.4583333432674408,0.46335700154304504,0.4583333432674408,0.4583333432674408,0,0,0.46335697399527187,0.07798218727111816
72,53,59,28,31,0,59,0.6732233166694641,0.4590395390987396,0.46335700154304504,0.4590395390987396,0.4590395390987396,0,0,0.46335697399527187,0.2040727138519287
73,47,65,26,39,0,65,0.6723805069923401,0.4743589758872986,0.46337151527404785,0.4743589758872986,0.4743589758872986,0,0,0.46335697399527187,0.08459973335266113
74,50,41,0,41,0,41,0.6741862893104553,0.48577234148979187,0.46335694193840027,0.48577234148979187,0.48577234148979187,0,0,0.46335697399527187,0.06647300720214844
75,38,30,0,30,0,30,0.67442786693573,0.48055553436279297,0.46337273716926575,0.48055553436279297,0.48055553436279297,0,0,0.46335697399527187,0.054103851318359375
76,45,38,0,38,0,38,0.6764529943466187,0.44736841320991516,0.46335697174072266,0.44736841320991516,0.44736841320991516,0,0,0.46335697399527187,0.0627298355102539
77,39,39,0,39,0,39,0.6757480502128601,0.45299142599105835,0.46335700154304504,0.45299142599105835,0.45299142599105835,0,0,0.46335697399527187,0.1685926914215088
78,48,26,0,26,0,26,0.6707467436790466,0.4871794581413269,0.46335697174072266,0.4871794581413269,0.4871794581413269,0,0,0.46335697399527187,0.051276206970214844
79,48,49,0,49,0,49,0.6723249554634094,0.47789114713668823,0.46335694193840027,0.47789114713668823,0.47789114713668823,0,0,0.46335697399527187,0.07010960578918457
80,48,48,17,31,0,48,0.6687869429588318,0.5052083134651184,0.46335697174072266,0.5052083134651184,0.5052083134651184,0,0,0.46335697399527187,0.07036137580871582
81,46,32,0,32,0,32,0.6739521622657776,0.46875,0.46335697174072266,0.46875,0.46875,0,0,0.46335697399527187,0.05788135528564453
82,37,49,13,36,0,49,0.6734704971313477,0.45408162474632263,0.4633665978908539,0.45408162474632263,0.45408162474632263,0,0,0.46335697399527187,0.18034744262695312
83,41,23,0,23,0,23,0.6738693118095398,0.46739131212234497,0.46335697174072266,0.46739131212234497,0.46739131212234497,0,0,0.46335697399527187,0.04841017723083496
84,46,36,0,36,0,36,0.6708376407623291,0.4837963283061981,0.46335697174072266,0.4837963283061981,0.4837963283061981,0,0,0.46335697399527187,0.06054258346557617
85,42,47,7,40,0,47,0.6696106791496277,0.48404258489608765,0.4633871018886566,0.48404258489608765,0.48404258489608765,0,0,0.46335697399527187,0.07494759559631348
86,37,23,0,23,0,23,0.6753753423690796,0.42028987407684326,0.46337753534317017,0.42028987407684326,0.42028987407684326,0,0,0.46335697399527187,0.052205562591552734
87,48,52,11,41,0,52,0.6716904044151306,0.4583333134651184,0.46345698833465576,0.4583333134651184,0.4583333134651184,0,0,0.46335697399527187,0.09110641479492188
88,42,53,0,53,0,53,0.6718173027038574,0.4575471580028534,0.4633926451206207,0.4575471580028534,0.4575471580028534,0,0,0.46335697399527187,0.3063352108001709
89,49,44,0,44,0,44,0.6711491942405701,0.47727277874946594,0.46341073513031006,0.47727277874946594,0.47727277874946594,0,0,0.46335697399527187,0.07447576522827148
90,41,36,0,36,0,36,0.6668263077735901,0.5231481194496155,0.4633964002132416,0.5231481194496155,0.5231481194496155,0,0,0.46335697399527187,0.06313872337341309
91,34,30,0,30,0,30,0.6682630181312561,0.4888888895511627,0.4634672999382019,0.4888888895511627,0.4888888895511627,0,0,0.46335697399527187,0.0679636001586914
92,33,55,9,46,0,55,0.6700234413146973,0.468181848526001,0.46349453926086426,0.468181848526001,0.468181848526001,0,0,0.46335697399527187,0.3106205463409424
93,48,62,21,41,0,62,0.6712368726730347,0.4489247500896454,0.46356284618377686,0.4489247500896454,0.4489247500896454,0,0,0.46382978723404256,0.08439993858337402
94,45,46,7,39,0,46,0.6740884184837341,0.43478265404701233,0.46355223655700684,0.43478265404701233,0.43478265404701233,0,0,0.46382978723404256,0.07785701751708984
95,49,40,4,36,0,40,0.6698628067970276,0.46666663885116577,0.4635106027126312,0.46666663885116577,0.46666663885116577,0,0,0.46382978723404256,0.06789135932922363
96,37,41,0,41,0,41,0.6711136698722839,0.4593495726585388,0.4636106789112091,0.4593495726585388,0.4593495726585388,0,0,0.46382978723404256,0.3029329776763916
97,41,35,0,35,0,35,0.6732123494148254,0.4476189911365509,0.46349209547042847,0.4476189911365509,0.4476189911365509,0,0,0.46382978723404256,0.06009674072265625
98,43,37,0,37,0,37,0.6711205244064331,0.45720720291137695,0.4634975790977478,0.45720720291137695,0.45720720291137695,0,0,0.46382978723404256,0.06225895881652832
99,48,55,17,38,0,55,0.6671386957168579,0.4878787696361542,0.4637179970741272,0.4878787696361542,0.4878787696361542,0,0,0.46382978723404256,0.07969856262207031
