round,n_client_req,n_new_updates,n_ontime_updates,n_delayed_updates,n_malicious_updates,n_benign_updates,client_avg_loss_avg,client_train_acc_avg,client_test_acc_avg,benign_client_train_acc_avg,benign_client_test_acc_avg,malicious_client_train_acc_avg,malicious_client_test_acc_avg,accuracy_score,aggregator_time
0,100,36,36,0,0,36,0.6958815455436707,0.5805554986000061,0.5006666779518127,0.5805554986000061,0.5805554986000061,0,0,0.5,42.600483417510986
1,96,49,43,6,0,49,0.6825166940689087,0.6244897842407227,0.5080612897872925,0.6244897842407227,0.6244897842407227,0,0,0.5,37.10525679588318
2,93,51,48,3,0,51,0.6749289035797119,0.6529411673545837,0.5097941160202026,0.6529411673545837,0.6529411673545837,0,0,0.5,41.46314835548401
3,85,57,56,1,0,57,0.6612966656684875,0.6614035367965698,0.5234912633895874,0.6614035367965698,0.6614035367965698,0,0,0.5,35.489808320999146
4,82,31,24,7,0,31,0.6534289121627808,0.6806451082229614,0.5181128978729248,0.6806451082229614,0.6806451082229614,0,0,0.5,35.70071721076965
5,87,26,18,8,0,26,0.6554432511329651,0.6999999284744263,0.5339807271957397,0.6999999284744263,0.6999999284744263,0,0,0.4995,32.210245847702026
6,63,50,43,7,0,50,0.6394994854927063,0.6759999990463257,0.5465999841690063,0.6759999990463257,0.6759999990463257,0,0,0.5095,38.15427565574646
7,71,51,38,13,0,51,0.6353693008422852,0.6745098233222961,0.5452450513839722,0.6745098233222961,0.6745098233222961,0,0,0.5185,32.72452354431152
8,68,34,19,15,0,34,0.6370679140090942,0.6323529481887817,0.5073676109313965,0.6323529481887817,0.6323529481887817,0,0,0.5,36.22959113121033
9,67,23,12,11,0,23,0.6369321942329407,0.6608695387840271,0.5375434756278992,0.6608695387840271,0.6608695387840271,0,0,0.503,31.714757919311523
10,69,42,27,15,0,42,0.6481505036354065,0.6357142925262451,0.5193333625793457,0.6357142925262451,0.6357142925262451,0,0,0.5,34.20342564582825
11,54,38,15,23,0,38,0.651358425617218,0.6736842393875122,0.5103815793991089,0.6736842393875122,0.6736842393875122,0,0,0.5,39.26989698410034
12,64,30,14,16,0,30,0.6442825794219971,0.6599999666213989,0.5236333608627319,0.6599999666213989,0.6599999666213989,0,0,0.5,35.271316051483154
13,46,42,18,24,0,42,0.637847900390625,0.6761904954910278,0.5210833549499512,0.6761904954910278,0.6761904954910278,0,0,0.5,39.412121295928955
14,49,32,17,15,0,32,0.6317763924598694,0.675000011920929,0.5471562743186951,0.675000011920929,0.675000011920929,0,0,0.5015,38.07840943336487
15,50,22,0,22,0,22,0.6445649266242981,0.636363685131073,0.5258181095123291,0.636363685131073,0.636363685131073,0,0,0.501,39.73275184631348
16,41,38,8,30,0,38,0.64801424741745,0.6184210777282715,0.5256974101066589,0.6184210777282715,0.6184210777282715,0,0,0.4995,36.69801139831543
17,46,19,0,19,0,19,0.6496607065200806,0.6736842393875122,0.5323684215545654,0.6736842393875122,0.6736842393875122,0,0,0.5,39.113059520721436
18,36,38,0,38,0,38,0.6405975222587585,0.6421052813529968,0.5233553051948547,0.6421052813529968,0.6421052813529968,0,0,0.5,36.926982164382935
19,43,37,12,25,0,37,0.6507614254951477,0.6459459066390991,0.5196216106414795,0.6459459066390991,0.6459459066390991,0,0,0.5,35.928577184677124
20,38,40,2,38,0,40,0.640551745891571,0.6399999856948853,0.5143750309944153,0.6399999856948853,0.6399999856948853,0,0,0.4995,34.526127576828
21,42,29,0,29,0,29,0.6361260414123535,0.6482758522033691,0.5260172486305237,0.6482758522033691,0.6482758522033691,0,0,0.514,32.270005226135254
22,47,65,25,40,0,65,0.640150785446167,0.6492307782173157,0.5326845645904541,0.6492307782173157,0.6492307782173157,0,0,0.5,34.44016098976135
23,52,61,29,32,0,61,0.627373218536377,0.6786885261535645,0.5338852405548096,0.6786885261535645,0.6786885261535645,0,0,0.529,32.56354784965515
24,47,55,18,37,0,55,0.6490175127983093,0.6727272868156433,0.5283818244934082,0.6727272868156433,0.6727272868156433,0,0,0.5,35.155107259750366
25,49,52,9,43,0,52,0.6452818512916565,0.682692289352417,0.5307788252830505,0.682692289352417,0.682692289352417,0,0,0.5,38.47343945503235
26,39,36,0,36,0,36,0.6315882802009583,0.6805555820465088,0.5311249494552612,0.6805555820465088,0.6805555820465088,0,0,0.508,36.49436354637146
27,45,57,20,37,0,57,0.6347196698188782,0.6894737482070923,0.5362894535064697,0.6894737482070923,0.6894737482070923,0,0,0.5125,36.22772192955017
28,53,56,27,29,0,56,0.628929078578949,0.6482142806053162,0.5259464383125305,0.6482142806053162,0.6482142806053162,0,0,0.5065,34.31893539428711
29,44,42,0,42,0,42,0.6417648196220398,0.6738095283508301,0.5402619242668152,0.6738095283508301,0.6738095283508301,0,0,0.501,36.488518953323364
30,41,36,0,36,0,36,0.6264188289642334,0.6361111402511597,0.5288611650466919,0.6361111402511597,0.6361111402511597,0,0,0.4995,32.44231104850769
31,42,35,0,35,0,35,0.6201065182685852,0.705714225769043,0.5715428590774536,0.705714225769043,0.705714225769043,0,0,0.5545,34.804555892944336
32,37,43,1,42,0,43,0.6229619979858398,0.6604650616645813,0.5274883508682251,0.6604650616645813,0.6604650616645813,0,0,0.513,38.55535340309143
33,45,51,0,51,0,51,0.6302769780158997,0.656862735748291,0.5334509611129761,0.656862735748291,0.656862735748291,0,0,0.502,32.99558615684509
34,45,42,10,32,0,42,0.6237478852272034,0.6476190090179443,0.5231190919876099,0.6476190090179443,0.6476190090179443,0,0,0.5115,32.560248136520386
35,48,48,18,30,0,48,0.6120784878730774,0.6875,0.5361354351043701,0.6875,0.6875,0,0,0.514,32.04669713973999
36,50,50,19,31,0,50,0.6130503416061401,0.6499999761581421,0.5370500087738037,0.6499999761581421,0.6499999761581421,0,0,0.5,34.03812289237976
37,44,41,0,41,0,41,0.6309972405433655,0.6853657960891724,0.5424025058746338,0.6853657960891724,0.6853657960891724,0,0,0.5075,34.098010540008545
38,50,56,19,37,0,56,0.6123020052909851,0.6410713791847229,0.5169553756713867,0.6410713791847229,0.6410713791847229,0,0,0.507,33.63178563117981
39,48,39,0,39,0,39,0.6160971522331238,0.7025640606880188,0.5496282577514648,0.7025640606880188,0.7025640606880188,0,0,0.514,33.79417419433594
40,50,30,0,30,0,30,0.641888439655304,0.6699999570846558,0.5360833406448364,0.6699999570846558,0.6699999570846558,0,0,0.5,35.64458203315735
41,39,40,0,40,0,40,0.625645637512207,0.6575000286102295,0.5363999605178833,0.6575000286102295,0.6575000286102295,0,0,0.522,37.15479803085327
42,40,34,0,34,0,34,0.6184386014938354,0.6676470041275024,0.53248530626297,0.6676470041275024,0.6676470041275024,0,0,0.5015,41.62891912460327
43,48,49,0,49,0,49,0.623159646987915,0.6551020741462708,0.5411734580993652,0.6551020741462708,0.6551020741462708,0,0,0.507,41.459458351135254
44,36,50,9,41,0,50,0.6074411869049072,0.6800000071525574,0.5439199805259705,0.6800000071525574,0.6800000071525574,0,0,0.5025,38.194722175598145
45,49,46,0,46,0,46,0.6205544471740723,0.689130425453186,0.5476195216178894,0.689130425453186,0.689130425453186,0,0,0.5145,41.014174938201904
46,41,40,0,40,0,40,0.6120102405548096,0.6574999690055847,0.5355750322341919,0.6574999690055847,0.6574999690055847,0,0,0.513,37.88704013824463
47,49,63,25,38,0,63,0.6074500679969788,0.6746031045913696,0.541436493396759,0.6746031045913696,0.6746031045913696,0,0,0.5125,43.66132593154907
48,47,60,22,38,0,60,0.6006150841712952,0.6583334803581238,0.5296583771705627,0.6583334803581238,0.6583334803581238,0,0,0.5095,46.074469327926636
49,43,32,5,27,0,32,0.6118971705436707,0.6562500596046448,0.5456562638282776,0.6562500596046448,0.6562500596046448,0,0,0.5075,44.11885046958923
50,47,32,4,28,0,32,0.6206631660461426,0.671875,0.5306249856948853,0.671875,0.671875,0,0,0.5,37.802727699279785
51,37,28,0,28,0,28,0.6220833659172058,0.7214285731315613,0.5511606931686401,0.7214285731315613,0.7214285731315613,0,0,0.5015,49.7889404296875
52,41,43,2,41,0,43,0.6180959343910217,0.6744186282157898,0.5545580983161926,0.6744186282157898,0.6744186282157898,0,0,0.5,44.90027332305908
53,46,60,15,45,0,60,0.6150649785995483,0.6916666626930237,0.5512333512306213,0.6916666626930237,0.6916666626930237,0,0,0.517,47.94377160072327
54,43,38,3,35,0,38,0.615241527557373,0.6447368264198303,0.5288552045822144,0.6447368264198303,0.6447368264198303,0,0,0.5065,38.52153992652893
55,43,40,2,38,0,40,0.6035611629486084,0.6424999833106995,0.5396749973297119,0.6424999833106995,0.6424999833106995,0,0,0.518,43.031566858291626
56,47,35,0,35,0,35,0.6037160754203796,0.6685713529586792,0.5476571321487427,0.6685713529586792,0.6685713529586792,0,0,0.52,38.649683237075806
57,45,67,25,42,0,67,0.5929223895072937,0.6686567664146423,0.5520298480987549,0.6686567664146423,0.6686567664146423,0,0,0.5075,48.53832960128784
58,47,52,20,32,0,52,0.5963093042373657,0.6557692885398865,0.5440480709075928,0.6557692885398865,0.6557692885398865,0,0,0.513,42.718515157699585
59,44,62,24,38,0,62,0.6043236255645752,0.682258129119873,0.5509193539619446,0.682258129119873,0.682258129119873,0,0,0.5065,45.754366874694824
60,42,32,0,32,0,32,0.6001957654953003,0.6468749642372131,0.5496718883514404,0.6468749642372131,0.6468749642372131,0,0,0.512,39.45607018470764
61,49,43,0,43,0,43,0.6030927300453186,0.6488372087478638,0.529209315776825,0.6488372087478638,0.6488372087478638,0,0,0.505,39.42530870437622
62,45,43,0,43,0,43,0.6185903549194336,0.6511628031730652,0.5305464863777161,0.6511628031730652,0.6511628031730652,0,0,0.501,41.46189880371094
63,45,41,12,29,0,41,0.6003150939941406,0.6829268336296082,0.5470609664916992,0.6829268336296082,0.6829268336296082,0,0,0.511,37.47395396232605
64,41,43,0,43,0,43,0.5925196409225464,0.6790697574615479,0.5431628227233887,0.6790697574615479,0.6790697574615479,0,0,0.519,36.442201137542725
65,41,32,0,32,0,32,0.6080171465873718,0.6687500476837158,0.5525312423706055,0.6687500476837158,0.6687500476837158,0,0,0.509,34.27821230888367
66,57,47,8,39,0,47,0.587730348110199,0.6723403930664062,0.5469148755073547,0.6723403930664062,0.6723403930664062,0,0,0.521,34.17312431335449
67,40,26,0,26,0,26,0.6086010336875916,0.6999999284744263,0.5586538910865784,0.6999999284744263,0.6999999284744263,0,0,0.5015,32.47501564025879
68,46,58,17,41,0,58,0.6074652671813965,0.6706897020339966,0.5437759160995483,0.6706897020339966,0.6706897020339966,0,0,0.506,41.222243785858154
69,40,35,0,35,0,35,0.597748875617981,0.6657142639160156,0.5504286289215088,0.6657142639160156,0.6657142639160156,0,0,0.5085,34.70043921470642
70,44,47,0,47,0,47,0.590910792350769,0.6702127456665039,0.545904278755188,0.6702127456665039,0.6702127456665039,0,0,0.5135,37.04753637313843
71,52,62,24,38,0,62,0.588577926158905,0.6532257795333862,0.542733907699585,0.6532257795333862,0.6532257795333862,0,0,0.5055,33.95117950439453
72,46,62,22,40,0,62,0.588733971118927,0.6741935610771179,0.5558225512504578,0.6741935610771179,0.6741935610771179,0,0,0.505,37.43736720085144
73,44,41,0,41,0,41,0.5780079960823059,0.6219512224197388,0.5259634256362915,0.6219512224197388,0.6219512224197388,0,0,0.5075,32.44005107879639
74,41,36,0,36,0,36,0.5980912446975708,0.6611111164093018,0.5367082953453064,0.6611111164093018,0.6611111164093018,0,0,0.5135,34.17342686653137
75,42,35,0,35,0,35,0.5907273292541504,0.6857143044471741,0.5475285053253174,0.6857143044471741,0.6857143044471741,0,0,0.5125,31.492871522903442
76,44,35,0,35,0,35,0.5961877703666687,0.6742857098579407,0.5554713606834412,0.6742857098579407,0.6742857098579407,0,0,0.5105,31.974225997924805
77,42,31,0,31,0,31,0.603295624256134,0.6838709115982056,0.5846290588378906,0.6838709115982056,0.6838709115982056,0,0,0.5095,30.54937434196472
78,42,48,10,38,0,48,0.5810723900794983,0.7020833492279053,0.5675833225250244,0.7020833492279053,0.7020833492279053,0,0,0.5165,29.547982692718506
79,40,51,10,41,0,51,0.5891413688659668,0.6745098233222961,0.5481863021850586,0.6745098233222961,0.6745098233222961,0,0,0.508,31.27314066886902
80,42,44,0,44,0,44,0.5771279335021973,0.6795454621315002,0.5713636875152588,0.6795454621315002,0.6795454621315002,0,0,0.512,32.32913088798523
81,49,55,8,47,0,55,0.5854567289352417,0.6545455455780029,0.5443272590637207,0.6545455455780029,0.6545455455780029,0,0,0.505,33.81727838516235
82,48,33,5,28,0,33,0.5837382674217224,0.6696969270706177,0.562166690826416,0.6696969270706177,0.6696969270706177,0,0,0.5005,27.295079231262207
83,42,32,0,32,0,32,0.5832725763320923,0.640625,0.5425155758857727,0.640625,0.640625,0,0,0.5,27.95445704460144
84,48,62,23,39,0,62,0.5897915959358215,0.67580646276474,0.5644112825393677,0.67580646276474,0.67580646276474,0,0,0.514,34.13123965263367
85,39,38,2,36,0,38,0.5823405385017395,0.6736842393875122,0.5527499914169312,0.6736842393875122,0.6736842393875122,0,0,0.5035,31.865363836288452
86,56,84,31,53,0,84,0.5822581052780151,0.6702380776405334,0.553553581237793,0.6702380776405334,0.6702380776405334,0,0,0.5115,35.053112506866455
87,35,31,0,31,0,31,0.5804321765899658,0.6354838609695435,0.5507419109344482,0.6354838609695435,0.6354838609695435,0,0,0.509,34.04865217208862
88,50,50,15,35,0,50,0.578386127948761,0.6700000166893005,0.5512999892234802,0.6700000166893005,0.6700000166893005,0,0,0.5075,33.99518823623657
89,45,52,0,52,0,52,0.5711039304733276,0.692307710647583,0.5770865082740784,0.692307710647583,0.692307710647583,0,0,0.516,35.92208433151245
90,42,28,0,28,0,28,0.5700753927230835,0.6464285850524902,0.5626964569091797,0.6464285850524902,0.6464285850524902,0,0,0.5025,32.36869478225708
91,54,30,0,30,0,30,0.5740123391151428,0.6766666173934937,0.5490500330924988,0.6766666173934937,0.6766666173934937,0,0,0.514,31.583521604537964
92,41,37,0,37,0,37,0.5678846836090088,0.6594594717025757,0.5499189496040344,0.6594594717025757,0.6594594717025757,0,0,0.503,32.5046067237854
93,39,51,14,37,0,51,0.5815644860267639,0.6803921461105347,0.5697451829910278,0.6803921461105347,0.6803921461105347,0,0,0.505,29.457890033721924
94,43,31,0,31,0,31,0.57124924659729,0.6387096643447876,0.5676290392875671,0.6387096643447876,0.6387096643447876,0,0,0.505,34.06984066963196
95,36,30,4,26,0,30,0.5637733340263367,0.6233332753181458,0.5493333339691162,0.6233332753181458,0.6233332753181458,0,0,0.507,34.67716932296753
96,42,55,14,41,0,55,0.5763564109802246,0.6781818270683289,0.5702818036079407,0.6781818270683289,0.6781818270683289,0,0,0.5015,40.09543180465698
97,45,40,0,40,0,40,0.5629538893699646,0.6574999690055847,0.5672374963760376,0.6574999690055847,0.6574999690055847,0,0,0.51,32.91333770751953
98,45,59,12,47,0,59,0.5731645226478577,0.6711863875389099,0.5497711896896362,0.6711863875389099,0.6711863875389099,0,0,0.5095,38.79403233528137
99,34,39,0,39,0,39,0.5597288012504578,0.6487179398536682,0.5399102568626404,0.6487179398536682,0.6487179398536682,0,0,0.5005,34.297367811203
