round,n_client_req,n_new_updates,n_ontime_updates,n_delayed_updates,n_malicious_updates,n_benign_updates,client_avg_loss_avg,client_train_acc_avg,client_test_acc_avg,benign_client_train_acc_avg,benign_client_test_acc_avg,malicious_client_train_acc_avg,malicious_client_test_acc_avg,accuracy_score,aggregator_time
0,100,36,36,0,0,36,0.691129207611084,0.4768518805503845,0.46335697174072266,0.4768518805503845,0.4768518805503845,0,0,0.46335697399527187,9.70308232307434
1,93,71,65,6,0,71,0.6886187791824341,0.48591548204421997,0.46335697174072266,0.48591548204421997,0.48591548204421997,0,0,0.46335697399527187,17.81165647506714
2,93,56,53,3,0,56,0.6883296370506287,0.4732142984867096,0.46335703134536743,0.4732142984867096,0.4732142984867096,0,0,0.46335697399527187,14.09446120262146
3,97,57,54,3,0,57,0.6872926950454712,0.46929824352264404,0.46335703134536743,0.46929824352264404,0.46929824352264404,0,0,0.46335697399527187,4.334716796875
4,84,52,46,6,0,52,0.6875648498535156,0.4503205120563507,0.46335697174072266,0.4503205120563507,0.4503205120563507,0,0,0.46335697399527187,5.379819869995117
5,81,25,15,10,0,25,0.6845867037773132,0.49000003933906555,0.46335697174072266,0.49000003933906555,0.49000003933906555,0,0,0.46335697399527187,7.558014392852783
6,74,52,44,8,0,52,0.6848118901252747,0.45673078298568726,0.46335697174072266,0.45673078298568726,0.45673078298568726,0,0,0.46335697399527187,4.693095922470093
7,73,64,52,12,0,64,0.6830469369888306,0.4661458134651184,0.46335697174072266,0.4661458134651184,0.4661458134651184,0,0,0.46335697399527187,17.732632398605347
8,70,46,34,12,0,46,0.6827329993247986,0.4637681245803833,0.46335694193840027,0.4637681245803833,0.4637681245803833,0,0,0.46335697399527187,6.177251815795898
9,67,21,15,6,0,21,0.67955082654953,0.5000000596046448,0.46335697174072266,0.5000000596046448,0.5000000596046448,0,0,0.46335697399527187,2.7762176990509033
10,64,29,13,16,0,29,0.6860184073448181,0.43103447556495667,0.46335697174072266,0.43103447556495667,0.43103447556495667,0,0,0.46335697399527187,11.964966773986816
11,57,11,0,11,0,11,0.6860462427139282,0.42424246668815613,0.46335697174072266,0.42424246668815613,0.42424246668815613,0,0,0.46335697399527187,4.659109354019165
12,54,47,31,16,0,47,0.6815518140792847,0.46099284291267395,0.4633569121360779,0.46099284291267395,0.46099284291267395,0,0,0.46335697399527187,5.514370441436768
13,56,41,22,19,0,41,0.6820005178451538,0.45121949911117554,0.46335694193840027,0.45121949911117554,0.45121949911117554,0,0,0.46335697399527187,13.13196063041687
14,54,22,0,22,0,22,0.6836249828338623,0.4772726893424988,0.46335697174072266,0.4772726893424988,0.4772726893424988,0,0,0.46335697399527187,8.478431224822998
15,48,48,23,25,0,48,0.681154191493988,0.4739583432674408,0.46335697174072266,0.4739583432674408,0.4739583432674408,0,0,0.46335697399527187,13.536336183547974
16,44,25,3,22,0,25,0.6830300688743591,0.46666663885116577,0.46335697174072266,0.46666663885116577,0.46666663885116577,0,0,0.46335697399527187,8.400969505310059
17,42,29,15,14,0,29,0.6835814714431763,0.4252873361110687,0.46335697174072266,0.4252873361110687,0.4252873361110687,0,0,0.46335697399527187,8.682215929031372
18,46,25,7,18,0,25,0.6810635924339294,0.4766666293144226,0.46335697174072266,0.4766666293144226,0.4766666293144226,0,0,0.46335697399527187,4.78674840927124
19,58,61,32,29,0,61,0.6781774759292603,0.4890710413455963,0.46335703134536743,0.4890710413455963,0.4890710413455963,0,0,0.46335697399527187,11.442150115966797
20,46,43,16,27,0,43,0.6803745627403259,0.47480618953704834,0.46335700154304504,0.47480618953704834,0.47480618953704834,0,0,0.46335697399527187,13.520214557647705
21,39,22,0,22,0,22,0.6793223023414612,0.5189394354820251,0.46335697174072266,0.5189394354820251,0.5189394354820251,0,0,0.46335697399527187,7.547388792037964
22,47,29,0,29,0,29,0.6815921068191528,0.4712643325328827,0.46335697174072266,0.4712643325328827,0.4712643325328827,0,0,0.46335697399527187,4.132269859313965
23,42,33,0,33,0,33,0.6801721453666687,0.47979792952537537,0.46335697174072266,0.47979792952537537,0.47979792952537537,0,0,0.46335697399527187,5.8590333461761475
24,43,45,2,43,0,45,0.6815108060836792,0.47962963581085205,0.46335694193840027,0.47962963581085205,0.47962963581085205,0,0,0.46335697399527187,7.510249853134155
25,39,36,0,36,0,36,0.6824263334274292,0.4583333432674408,0.46335697174072266,0.4583333432674408,0.4583333432674408,0,0,0.46335697399527187,11.679405689239502
26,45,36,0,36,0,36,0.6860990524291992,0.4166666865348816,0.46335697174072266,0.4166666865348816,0.4166666865348816,0,0,0.46335697399527187,12.379888772964478
27,45,36,0,36,0,36,0.6786143779754639,0.49768516421318054,0.46335697174072266,0.49768516421318054,0.49768516421318054,0,0,0.46335697399527187,9.93095088005066
28,41,49,15,34,0,49,0.6775487065315247,0.488095223903656,0.46335694193840027,0.488095223903656,0.488095223903656,0,0,0.46335697399527187,5.546528339385986
29,45,54,13,41,0,54,0.6798991560935974,0.458333283662796,0.46335697174072266,0.458333283662796,0.458333283662796,0,0,0.46335697399527187,15.087005853652954
30,38,47,12,35,0,47,0.6766218543052673,0.5,0.4633569121360779,0.5,0.5,0,0,0.46335697399527187,13.309951782226562
31,35,50,0,50,0,50,0.6796886324882507,0.46666666865348816,0.46335697174072266,0.46666666865348816,0.46666666865348816,0,0,0.46335697399527187,14.462929248809814
32,41,57,17,40,0,57,0.6791977286338806,0.46052631735801697,0.46335703134536743,0.46052631735801697,0.46052631735801697,0,0,0.46335697399527187,15.061104536056519
33,41,40,0,40,0,40,0.6788861155509949,0.4791666865348816,0.46335697174072266,0.4791666865348816,0.4791666865348816,0,0,0.46335697399527187,11.241735935211182
34,38,52,18,34,0,52,0.6766623854637146,0.4759615361690521,0.46335697174072266,0.4759615361690521,0.4759615361690521,0,0,0.46335697399527187,13.228503942489624
35,50,36,0,36,0,36,0.6826330423355103,0.4120370149612427,0.46335697174072266,0.4120370149612427,0.4120370149612427,0,0,0.46335697399527187,4.7803356647491455
36,53,33,0,33,0,33,0.6791513562202454,0.4621211886405945,0.46335697174072266,0.4621211886405945,0.4621211886405945,0,0,0.46335697399527187,8.458101272583008
37,46,63,19,44,0,63,0.6762422323226929,0.4722221791744232,0.4633570611476898,0.4722221791744232,0.4722221791744232,0,0,0.46335697399527187,8.257994890213013
38,53,41,0,41,0,41,0.6746740341186523,0.5,0.46335694193840027,0.5,0.5,0,0,0.46335697399527187,3.8107948303222656
39,51,67,30,37,0,67,0.6782398819923401,0.4527362883090973,0.46335697174072266,0.4527362883090973,0.4527362883090973,0,0,0.46335697399527187,16.937125205993652
40,48,31,0,31,0,31,0.6739525198936462,0.5080645084381104,0.46335697174072266,0.5080645084381104,0.5080645084381104,0,0,0.46335697399527187,3.536719799041748
41,53,37,3,34,0,37,0.6777803897857666,0.45495498180389404,0.46335694193840027,0.45495498180389404,0.45495498180389404,0,0,0.46335697399527187,10.032689571380615
42,39,65,18,47,0,65,0.6770923137664795,0.4602563977241516,0.46335697174072266,0.4602563977241516,0.4602563977241516,0,0,0.46335697399527187,11.417728424072266
43,44,54,13,41,0,54,0.6778214573860168,0.44598767161369324,0.46335697174072266,0.44598767161369324,0.44598767161369324,0,0,0.46335697399527187,5.407063722610474
44,45,40,0,40,0,40,0.6771892309188843,0.4583333432674408,0.46335697174072266,0.4583333432674408,0.4583333432674408,0,0,0.46335697399527187,3.168666362762451
45,47,31,0,31,0,31,0.6777204871177673,0.45967742800712585,0.46335697174072266,0.45967742800712585,0.45967742800712585,0,0,0.46335697399527187,3.0938947200775146
46,37,42,0,42,0,42,0.6760162115097046,0.4682539999485016,0.4633569121360779,0.4682539999485016,0.4682539999485016,0,0,0.46335697399527187,4.026011943817139
47,55,57,13,44,0,57,0.6789416074752808,0.429824560880661,0.46335703134536743,0.429824560880661,0.429824560880661,0,0,0.46335697399527187,5.718623399734497
48,58,42,2,40,0,42,0.6749818325042725,0.4742063283920288,0.4633569121360779,0.4742063283920288,0.4742063283920288,0,0,0.46335697399527187,9.870707750320435
49,42,41,0,41,0,41,0.6754369735717773,0.4674797058105469,0.46335694193840027,0.4674797058105469,0.4674797058105469,0,0,0.46335697399527187,3.8134560585021973
50,48,37,0,37,0,37,0.674659788608551,0.4932432472705841,0.46335694193840027,0.4932432472705841,0.4932432472705841,0,0,0.46335697399527187,10.06181263923645
51,44,49,17,32,0,49,0.6755899786949158,0.46088436245918274,0.46335694193840027,0.46088436245918274,0.46088436245918274,0,0,0.46335697399527187,5.7605249881744385
52,44,57,9,48,0,57,0.6729942560195923,0.48830410838127136,0.46335703134536743,0.48830410838127136,0.48830410838127136,0,0,0.46335697399527187,15.318272590637207
53,43,42,0,42,0,42,0.6769643425941467,0.4583333432674408,0.4633569121360779,0.4583333432674408,0.4583333432674408,0,0,0.46335697399527187,4.374354362487793
54,52,58,17,41,0,58,0.674130916595459,0.47270113229751587,0.46335700154304504,0.47270113229751587,0.47270113229751587,0,0,0.46335697399527187,15.154642343521118
55,47,54,16,38,0,54,0.6747735142707825,0.4660494029521942,0.46335697174072266,0.4660494029521942,0.4660494029521942,0,0,0.46335697399527187,8.663931131362915
56,48,38,0,38,0,38,0.6736646890640259,0.48245614767074585,0.46335697174072266,0.48245614767074585,0.48245614767074585,0,0,0.46335697399527187,9.35164499282837
57,44,62,18,44,0,62,0.6732377409934998,0.4744623899459839,0.46335700154304504,0.4744623899459839,0.4744623899459839,0,0,0.46335697399527187,12.284967184066772
58,37,33,0,33,0,33,0.6774923801422119,0.42171716690063477,0.46335697174072266,0.42171716690063477,0.42171716690063477,0,0,0.46335697399527187,8.722208976745605
59,49,65,23,42,0,65,0.672764003276825,0.4794871509075165,0.46335697174072266,0.4794871509075165,0.4794871509075165,0,0,0.46335697399527187,7.048565864562988
60,56,36,8,28,0,36,0.6705989837646484,0.49768516421318054,0.46335697174072266,0.49768516421318054,0.49768516421318054,0,0,0.46335697399527187,4.995637893676758
61,42,45,2,43,0,45,0.6733583807945251,0.47037041187286377,0.46335694193840027,0.47037041187286377,0.47037041187286377,0,0,0.46335697399527187,5.621204137802124
62,43,35,0,35,0,35,0.6744973063468933,0.45714282989501953,0.46335700154304504,0.45714282989501953,0.45714282989501953,0,0,0.46335697399527187,8.592633247375488
63,48,41,4,37,0,41,0.6712643504142761,0.4918699562549591,0.46335694193840027,0.4918699562549591,0.4918699562549591,0,0,0.46335697399527187,10.672218561172485
64,45,55,24,31,0,55,0.6719768047332764,0.4727272689342499,0.46335694193840027,0.4727272689342499,0.4727272689342499,0,0,0.46335697399527187,5.415008544921875
65,48,68,17,51,0,68,0.6708573698997498,0.4852941036224365,0.4633917510509491,0.4852941036224365,0.4852941036224365,0,0,0.46335697399527187,8.19703221321106
66,56,63,28,35,0,63,0.6720944046974182,0.4722221791744232,0.4634094536304474,0.4722221791744232,0.4722221791744232,0,0,0.46335697399527187,16.430013418197632
67,47,55,19,36,0,55,0.6717791557312012,0.47121211886405945,0.46344295144081116,0.47121211886405945,0.47121211886405945,0,0,0.46335697399527187,15.354135990142822
68,53,51,16,35,0,51,0.6724372506141663,0.45098039507865906,0.4634774923324585,0.45098039507865906,0.45098039507865906,0,0,0.46335697399527187,13.8523530960083
69,45,38,14,24,0,38,0.6744635701179504,0.44078946113586426,0.46349385380744934,0.44078946113586426,0.44078946113586426,0,0,0.46335697399527187,5.490872144699097
70,54,43,0,43,0,43,0.6717777848243713,0.4748062193393707,0.46337899565696716,0.4748062193393707,0.4748062193393707,0,0,0.46335697399527187,11.270711421966553
71,50,58,17,41,0,58,0.672508180141449,0.4583333432674408,0.46340587735176086,0.4583333432674408,0.4583333432674408,0,0,0.46335697399527187,5.954713821411133
72,53,59,28,31,0,59,0.6709052920341492,0.4590395390987396,0.4635332524776459,0.4590395390987396,0.4590395390987396,0,0,0.46335697399527187,14.85870361328125
73,47,65,26,39,0,65,0.6698819994926453,0.4743589758872986,0.46358248591423035,0.4743589758872986,0.4743589758872986,0,0,0.46335697399527187,17.13572406768799
74,50,41,0,41,0,41,0.6716593503952026,0.48577234148979187,0.4633684754371643,0.48577234148979187,0.48577234148979187,0,0,0.46335697399527187,10.229737997055054
75,38,30,0,30,0,30,0.6719929575920105,0.48055553436279297,0.46342000365257263,0.48055553436279297,0.48055553436279297,0,0,0.46335697399527187,3.3978142738342285
76,45,38,0,38,0,38,0.674087405204773,0.44736841320991516,0.46345651149749756,0.44736841320991516,0.44736841320991516,0,0,0.46335697399527187,6.81085729598999
77,39,39,0,39,0,39,0.6733530759811401,0.45299142599105835,0.4634661078453064,0.45299142599105835,0.45299142599105835,0,0,0.46335697399527187,4.351921081542969
78,48,26,0,26,0,26,0.6682247519493103,0.4871794581413269,0.4634842872619629,0.4871794581413269,0.4871794581413269,0,0,0.46335697399527187,3.738924264907837
79,48,49,0,49,0,49,0.6698002219200134,0.47789114713668823,0.4634535014629364,0.47789114713668823,0.47789114713668823,0,0,0.46335697399527187,8.267848491668701
80,48,48,17,31,0,48,0.6663640141487122,0.5052083134651184,0.46353426575660706,0.5052083134651184,0.5052083134651184,0,0,0.46335697399527187,6.986844301223755
81,46,32,0,32,0,32,0.6716330051422119,0.46875,0.46347516775131226,0.46875,0.46875,0,0,0.46335697399527187,4.247308254241943
82,37,49,13,36,0,49,0.6711374521255493,0.45408162474632263,0.4635692536830902,0.45408162474632263,0.45408162474632263,0,0,0.46382978723404256,12.129441022872925
83,41,23,0,23,0,23,0.6715783476829529,0.46739131212234497,0.46354198455810547,0.46739131212234497,0.46739131212234497,0,0,0.46335697399527187,5.946081161499023
84,46,36,0,36,0,36,0.6684167981147766,0.4837963283061981,0.46348831057548523,0.4837963283061981,0.4837963283061981,0,0,0.46335697399527187,3.575289726257324
85,42,47,7,40,0,47,0.667288064956665,0.48404258489608765,0.4635984003543854,0.48404258489608765,0.48404258489608765,0,0,0.46382978723404256,4.267869234085083
86,37,23,0,23,0,23,0.6732692718505859,0.42028987407684326,0.46370652318000793,0.42028987407684326,0.42028987407684326,0,0,0.46382978723404256,3.388774871826172
87,48,52,11,41,0,52,0.6693676710128784,0.45993587374687195,0.46384793519973755,0.45993587374687195,0.45993587374687195,0,0,0.46382978723404256,12.732684135437012
88,42,53,0,53,0,53,0.6694925427436829,0.4575471580028534,0.46367812156677246,0.4575471580028534,0.4575471580028534,0,0,0.46382978723404256,13.550347566604614
89,49,44,0,44,0,44,0.6689170598983765,0.47727277874946594,0.463668555021286,0.47727277874946594,0.47727277874946594,0,0,0.46382978723404256,3.0760445594787598
90,41,36,0,36,0,36,0.6645008325576782,0.5254629254341125,0.46377721428871155,0.5254629254341125,0.5254629254341125,0,0,0.46382978723404256,3.719620704650879
91,34,30,0,30,0,30,0.6660614609718323,0.4888888895511627,0.46384552121162415,0.4888888895511627,0.4888888895511627,0,0,0.46382978723404256,6.741687059402466
92,33,55,9,46,0,55,0.6678404211997986,0.468181848526001,0.46396729350090027,0.468181848526001,0.468181848526001,0,0,0.46382978723404256,6.26408314704895
93,48,62,21,41,0,62,0.6691269874572754,0.45026883482933044,0.4645618796348572,0.45026883482933044,0.45026883482933044,0,0,0.46382978723404256,6.77244758605957
94,45,46,7,39,0,46,0.6720660924911499,0.43478265404701233,0.4643848240375519,0.43478265404701233,0.43478265404701233,0,0,0.46382978723404256,11.313690423965454
95,49,40,4,36,0,40,0.6677076816558838,0.47083336114883423,0.4642907679080963,0.47083336114883423,0.47083336114883423,0,0,0.46382978723404256,9.285633563995361
96,37,41,0,41,0,41,0.6689833402633667,0.4593495726585388,0.46437180042266846,0.4593495726585388,0.4593495726585388,0,0,0.46382978723404256,4.013588190078735
97,41,35,0,35,0,35,0.6711223721504211,0.4476189911365509,0.46401891112327576,0.4476189911365509,0.4476189911365509,0,0,0.46382978723404256,3.0329480171203613
98,43,37,0,37,0,37,0.6690660715103149,0.45720720291137695,0.4640342593193054,0.45720720291137695,0.45720720291137695,0,0,0.46382978723404256,3.2644262313842773
99,48,55,17,38,0,55,0.6651678085327148,0.4878787696361542,0.46476680040359497,0.4878787696361542,0.4878787696361542,0,0,0.46477541371158393,5.698047161102295
