round,n_client_req,n_new_updates,n_ontime_updates,n_delayed_updates,n_malicious_updates,n_benign_updates,client_avg_loss_avg,client_train_acc_avg,client_test_acc_avg,benign_client_train_acc_avg,benign_client_test_acc_avg,malicious_client_train_acc_avg,malicious_client_test_acc_avg,accuracy_score,aggregator_time
0,100,36,36,0,0,36,0.6899540424346924,0.4768518805503845,0.46335697174072266,0.4768518805503845,0.4768518805503845,0,0,0.46335697399527187,1.5616095066070557
1,93,71,65,6,0,71,0.6858446002006531,0.48591548204421997,0.46335697174072266,0.48591548204421997,0.48591548204421997,0,0,0.46335697399527187,8.752248287200928
2,93,56,53,3,0,56,0.6840983629226685,0.4732142984867096,0.46335703134536743,0.4732142984867096,0.4732142984867096,0,0,0.46335697399527187,2.6067166328430176
3,97,57,54,3,0,57,0.6814877986907959,0.46929824352264404,0.46335703134536743,0.46929824352264404,0.46929824352264404,0,0,0.46335697399527187,2.57472825050354
4,84,52,46,6,0,52,0.680718719959259,0.4503205120563507,0.46335697174072266,0.4503205120563507,0.4503205120563507,0,0,0.46335697399527187,6.786865234375
5,81,25,15,10,0,25,0.6770341992378235,0.49000003933906555,0.46335697174072266,0.49000003933906555,0.49000003933906555,0,0,0.46335697399527187,1.7615933418273926
6,74,52,44,8,0,52,0.6759189367294312,0.45673078298568726,0.46335697174072266,0.45673078298568726,0.45673078298568726,0,0,0.46335697399527187,2.8185367584228516
7,73,64,52,12,0,64,0.6724708676338196,0.4661458134651184,0.4634825885295868,0.4661458134651184,0.4661458134651184,0,0,0.46335697399527187,8.379567623138428
8,70,46,34,12,0,46,0.671792209148407,0.4655797481536865,0.46417927742004395,0.4655797481536865,0.4655797481536865,0,0,0.46382978723404256,6.7756874561309814
9,67,21,15,6,0,21,0.6674821972846985,0.511904776096344,0.4659912586212158,0.511904776096344,0.511904776096344,0,0,0.46382978723404256,1.5910334587097168
10,64,29,13,16,0,29,0.676373302936554,0.4367815852165222,0.46834596991539,0.4367815852165222,0.4367815852165222,0,0,0.46335697399527187,4.184894323348999
11,57,11,0,11,0,11,0.6757990121841431,0.42424246668815613,0.46658068895339966,0.42424246668815613,0.42424246668815613,0,0,0.46335697399527187,1.0950613021850586
12,54,47,31,16,0,47,0.6711832284927368,0.4627659022808075,0.4644031822681427,0.4627659022808075,0.4627659022808075,0,0,0.46382978723404256,6.557992458343506
13,56,41,22,19,0,41,0.671324610710144,0.4593495726585388,0.4666782021522522,0.4593495726585388,0.4593495726585388,0,0,0.46382978723404256,6.525051593780518
14,54,22,0,22,0,22,0.6749501824378967,0.4848484694957733,0.4653126895427704,0.4848484694957733,0.4848484694957733,0,0,0.46335697399527187,1.9722943305969238
15,48,48,23,25,0,48,0.6716527342796326,0.4774305522441864,0.4645882844924927,0.4774305522441864,0.4774305522441864,0,0,0.46335697399527187,5.506199359893799
16,44,25,3,22,0,25,0.6734186410903931,0.4699999988079071,0.4652860760688782,0.4699999988079071,0.4699999988079071,0,0,0.46382978723404256,1.9574732780456543
17,42,29,15,14,0,29,0.6730377674102783,0.4367815852165222,0.46640580892562866,0.4367815852165222,0.4367815852165222,0,0,0.46477541371158393,2.4291160106658936
18,46,25,7,18,0,25,0.6708950996398926,0.49000000953674316,0.46810397505760193,0.49000000953674316,0.49000000953674316,0,0,0.46382978723404256,4.043211460113525
19,58,61,32,29,0,61,0.6667395830154419,0.49590161442756653,0.4679998755455017,0.49590161442756653,0.49590161442756653,0,0,0.4652482269503546,8.932435989379883
20,46,43,16,27,0,43,0.6701552271842957,0.48255813121795654,0.47092199325561523,0.48255813121795654,0.48255813121795654,0,0,0.46477541371158393,4.753955125808716
21,39,22,0,22,0,22,0.6695728898048401,0.5227273106575012,0.4668385684490204,0.5227273106575012,0.5227273106575012,0,0,0.46335697399527187,2.180097818374634
22,47,29,0,29,0,29,0.6711937189102173,0.4712643325328827,0.4655742943286896,0.4712643325328827,0.4712643325328827,0,0,0.46382978723404256,2.1705594062805176
23,42,33,0,33,0,33,0.6691937446594238,0.47979792952537537,0.46585002541542053,0.47979792952537537,0.47979792952537537,0,0,0.46335697399527187,5.46251654624939
24,43,45,2,43,0,45,0.6718644499778748,0.47962963581085205,0.4650801420211792,0.47962963581085205,0.47962963581085205,0,0,0.46335697399527187,7.74115252494812
25,39,36,0,36,0,36,0.6725361347198486,0.46759259700775146,0.4681507647037506,0.46759259700775146,0.46759259700775146,0,0,0.46382978723404256,5.39044976234436
26,45,36,0,36,0,36,0.6768530011177063,0.43287038803100586,0.46945101022720337,0.43287038803100586,0.43287038803100586,0,0,0.46382978723404256,4.171790361404419
27,45,36,0,36,0,36,0.6672706604003906,0.5046296715736389,0.4672051668167114,0.5046296715736389,0.5046296715736389,0,0,0.46430260047281324,3.1374428272247314
28,41,49,15,34,0,49,0.6650607585906982,0.49659866094589233,0.46923336386680603,0.49659866094589233,0.49659866094589233,0,0,0.466193853427896,3.1275618076324463
29,45,54,13,41,0,54,0.6674231290817261,0.4768518805503845,0.4714123010635376,0.4768518805503845,0.4768518805503845,0,0,0.46713947990543736,3.634132146835327
30,38,47,12,35,0,47,0.6638672947883606,0.5177304744720459,0.4716765284538269,0.5177304744720459,0.5177304744720459,0,0,0.4666666666666667,6.846214294433594
31,35,50,0,50,0,50,0.6680666208267212,0.4699999988079071,0.4681324064731598,0.4699999988079071,0.4699999988079071,0,0,0.46430260047281324,7.2314183712005615
32,41,57,17,40,0,57,0.6668738722801208,0.4722222089767456,0.47161874175071716,0.4722222089767456,0.4722222089767456,0,0,0.4666666666666667,9.480127811431885
33,41,40,0,40,0,40,0.6670166254043579,0.4895833134651184,0.4681442379951477,0.4895833134651184,0.4895833134651184,0,0,0.4652482269503546,6.034391641616821
34,38,52,18,34,0,52,0.6630811095237732,0.4871794879436493,0.47241318225860596,0.4871794879436493,0.4871794879436493,0,0,0.4690307328605201,3.39927339553833
35,50,36,0,36,0,36,0.6703546047210693,0.42129629850387573,0.4749540090560913,0.42129629850387573,0.42129629850387573,0,0,0.4690307328605201,2.0586416721343994
36,53,33,0,33,0,33,0.66629558801651,0.4747474789619446,0.47477611899375916,0.4747474789619446,0.4747474789619446,0,0,0.46808510638297873,5.2921693325042725
37,46,63,19,44,0,63,0.6622479557991028,0.49735450744628906,0.4789823293685913,0.49735450744628906,0.49735450744628906,0,0,0.4723404255319149,8.594400644302368
38,53,41,0,41,0,41,0.6610104441642761,0.5040650963783264,0.4711756706237793,0.5040650963783264,0.5040650963783264,0,0,0.46713947990543736,2.3963794708251953
39,51,67,30,37,0,67,0.6648763418197632,0.47263678908348083,0.48281291127204895,0.47263678908348083,0.47263678908348083,0,0,0.47706855791962177,3.9820549488067627
40,48,31,0,31,0,31,0.6604627370834351,0.5268816947937012,0.47154733538627625,0.5268816947937012,0.5268816947937012,0,0,0.46713947990543736,1.4252760410308838
41,53,37,3,34,0,37,0.6639862060546875,0.4887387454509735,0.4849146902561188,0.4887387454509735,0.4887387454509735,0,0,0.4789598108747045,5.3844382762908936
42,39,65,18,47,0,65,0.6629353165626526,0.49358972907066345,0.4921768009662628,0.49358972907066345,0.49358972907066345,0,0,0.48652482269503544,3.194755792617798
43,44,54,13,41,0,54,0.6639123558998108,0.49537041783332825,0.4961211681365967,0.49537041783332825,0.49537041783332825,0,0,0.48605200945626476,3.9911510944366455
44,45,40,0,40,0,40,0.663127601146698,0.5041666626930237,0.4904964864253998,0.5041666626930237,0.5041666626930237,0,0,0.48652482269503544,2.152519941329956
45,47,31,0,31,0,31,0.664357602596283,0.49193552136421204,0.4908716678619385,0.49193552136421204,0.49193552136421204,0,0,0.48557919621749407,1.6605110168457031
46,37,42,0,42,0,42,0.6619856953620911,0.4980158507823944,0.4843408465385437,0.4980158507823944,0.4980158507823944,0,0,0.47801418439716314,2.889436721801758
47,55,57,13,44,0,57,0.6651778817176819,0.48245614767074585,0.5003442168235779,0.48245614767074585,0.48245614767074585,0,0,0.4907801418439716,8.004025220870972
48,58,42,2,40,0,42,0.6604293584823608,0.5059523582458496,0.48922666907310486,0.5059523582458496,0.5059523582458496,0,0,0.48321513002364064,6.055904865264893
49,42,41,0,41,0,41,0.660747230052948,0.5101625919342041,0.49587732553482056,0.5101625919342041,0.5101625919342041,0,0,0.4874704491725768,2.105553150177002
50,48,37,0,37,0,37,0.660191535949707,0.5382882952690125,0.48773884773254395,0.5382882952690125,0.5382882952690125,0,0,0.4836879432624113,5.559298038482666
51,44,49,17,32,0,49,0.6607365012168884,0.5102040767669678,0.5085250735282898,0.5102040767669678,0.5102040767669678,0,0,0.5044917257683215,3.269655704498291
52,44,57,9,48,0,57,0.6574630737304688,0.542397677898407,0.5038447380065918,0.542397677898407,0.542397677898407,0,0,0.49267139479905436,3.913088798522949
53,43,42,0,42,0,42,0.6625750064849854,0.4960317015647888,0.5046943426132202,0.4960317015647888,0.4960317015647888,0,0,0.49645390070921985,2.804511070251465
54,52,58,17,41,0,58,0.6587032079696655,0.5344827771186829,0.514216959476471,0.5344827771186829,0.5344827771186829,0,0,0.5078014184397163,4.006569862365723
55,47,54,16,38,0,54,0.6593137383460999,0.546296238899231,0.5287978649139404,0.546296238899231,0.546296238899231,0,0,0.5219858156028369,3.1397600173950195
56,48,38,0,38,0,38,0.6580488085746765,0.550438642501831,0.5091700553894043,0.550438642501831,0.550438642501831,0,0,0.5059101654846335,2.946406126022339
57,44,62,18,44,0,62,0.6569367051124573,0.5376344323158264,0.5299626588821411,0.5376344323158264,0.5376344323158264,0,0,0.5215130023640662,2.9967048168182373
58,37,33,0,33,0,33,0.6618893146514893,0.5101009607315063,0.5292212963104248,0.5101009607315063,0.5101009607315063,0,0,0.5215130023640662,1.3983490467071533
59,49,65,23,42,0,65,0.6562587022781372,0.5602564215660095,0.544528067111969,0.5602564215660095,0.5602564215660095,0,0,0.5390070921985816,3.204575300216675
60,56,36,8,28,0,36,0.6533669829368591,0.5763888955116272,0.5360782146453857,0.5763888955116272,0.5763888955116272,0,0,0.5219858156028369,4.88170862197876
61,42,45,2,43,0,45,0.6570507287979126,0.5629628896713257,0.53321772813797,0.5629628896713257,0.5629628896713257,0,0,0.5224586288416075,6.185239791870117
62,43,35,0,35,0,35,0.6582092046737671,0.5619047284126282,0.5369402170181274,0.5619047284126282,0.5619047284126282,0,0,0.5252955082742317,1.633213996887207
63,48,41,4,37,0,41,0.6541717052459717,0.5914633870124817,0.5498587489128113,0.5914633870124817,0.5914633870124817,0,0,0.541371158392435,5.793781042098999
64,45,55,24,31,0,55,0.6542971730232239,0.6121212244033813,0.5771587491035461,0.6121212244033813,0.6121212244033813,0,0,0.5791962174940898,7.895915985107422
65,48,68,17,51,0,68,0.6532388925552368,0.6029411554336548,0.5627798438072205,0.6029411554336548,0.6029411554336548,0,0,0.5531914893617021,3.472646713256836
66,56,63,28,35,0,63,0.6546005010604858,0.5992063283920288,0.5778228044509888,0.5992063283920288,0.5992063283920288,0,0,0.5801418439716312,5.61726450920105
67,47,55,19,36,0,55,0.6542667746543884,0.6015151143074036,0.5767719745635986,0.6015151143074036,0.6015151143074036,0,0,0.574468085106383,8.150388479232788
68,53,51,16,35,0,51,0.6548017859458923,0.609477162361145,0.5890974998474121,0.609477162361145,0.609477162361145,0,0,0.5985815602836879,7.269730806350708
69,45,38,14,24,0,38,0.6577824950218201,0.5811403393745422,0.5851934552192688,0.5811403393745422,0.5811403393745422,0,0,0.5825059101654846,2.6938388347625732
70,54,43,0,43,0,43,0.6541472673416138,0.5891472697257996,0.5582494735717773,0.5891472697257996,0.5891472697257996,0,0,0.5508274231678487,2.273409843444824
71,50,58,17,41,0,58,0.6551413536071777,0.6020114421844482,0.5806962251663208,0.6020114421844482,0.6020114421844482,0,0,0.5796690307328605,2.1805522441864014
72,53,59,28,31,0,59,0.6522588729858398,0.645480215549469,0.6259005069732666,0.645480215549469,0.645480215549469,0,0,0.6340425531914894,7.7857019901275635
73,47,65,26,39,0,65,0.6509808301925659,0.6333333253860474,0.6194362640380859,0.6333333253860474,0.6333333253860474,0,0,0.6283687943262412,6.521567344665527
74,50,41,0,41,0,41,0.654128909111023,0.6097560524940491,0.5770743489265442,0.6097560524940491,0.6097560524940491,0,0,0.574468085106383,5.746191740036011
75,38,30,0,30,0,30,0.6550005078315735,0.5777778029441833,0.5680693984031677,0.5777778029441833,0.5777778029441833,0,0,0.5640661938534279,1.4522113800048828
76,45,38,0,38,0,38,0.6571275591850281,0.5789473652839661,0.5913524627685547,0.5789473652839661,0.5789473652839661,0,0,0.592434988179669,2.137582540512085
77,39,39,0,39,0,39,0.65585857629776,0.6132478713989258,0.5979875326156616,0.6132478713989258,0.6132478713989258,0,0,0.6042553191489362,4.787188529968262
78,48,26,0,26,0,26,0.6490123271942139,0.6314103007316589,0.6041098237037659,0.6314103007316589,0.6314103007316589,0,0,0.6104018912529551,3.3340983390808105
79,48,49,0,49,0,49,0.6507894992828369,0.6581632494926453,0.6046026349067688,0.6581632494926453,0.6581632494926453,0,0,0.6099290780141844,6.590080261230469
80,48,48,17,31,0,48,0.6462803483009338,0.671875,0.6247438788414001,0.671875,0.671875,0,0,0.6302600472813239,2.979128837585449
81,46,32,0,32,0,32,0.6537855863571167,0.6067708730697632,0.6089243292808533,0.6067708730697632,0.6067708730697632,0,0,0.6122931442080378,4.201223850250244
82,37,49,13,36,0,49,0.6521677374839783,0.6241496801376343,0.6380084156990051,0.6241496801376343,0.6241496801376343,0,0,0.6434988179669031,6.763438701629639
83,41,23,0,23,0,23,0.6535800695419312,0.6268116235733032,0.6242367625236511,0.6268116235733032,0.6268116235733032,0,0,0.6264775413711584,3.116546392440796
84,46,36,0,36,0,36,0.648922324180603,0.6666666865348816,0.6229971051216125,0.6666666865348816,0.6666666865348816,0,0,0.6250591016548463,1.6602306365966797
85,42,47,7,40,0,47,0.6471934914588928,0.6702127456665039,0.6391327977180481,0.6702127456665039,0.6702127456665039,0,0,0.6397163120567376,2.4541802406311035
86,37,23,0,23,0,23,0.654570996761322,0.6159420013427734,0.6593072414398193,0.6159420013427734,0.6159420013427734,0,0,0.660047281323877,1.6090340614318848
87,48,52,11,41,0,52,0.6493428945541382,0.7003205418586731,0.6678305268287659,0.7003205418586731,0.7003205418586731,0,0,0.6709219858156028,3.8140978813171387
88,42,53,0,53,0,53,0.6496412754058838,0.6588050723075867,0.6579686403274536,0.6588050723075867,0.6588050723075867,0,0,0.6591016548463356,7.127086162567139
89,49,44,0,44,0,44,0.6492915749549866,0.6553030610084534,0.6454975605010986,0.6553030610084534,0.6553030610084534,0,0,0.6458628841607565,2.227527379989624
90,41,36,0,36,0,36,0.6436020731925964,0.6898148059844971,0.6509850025177002,0.6898148059844971,0.6898148059844971,0,0,0.6524822695035462,2.079571008682251
91,34,30,0,30,0,30,0.6450769901275635,0.6972221732139587,0.676059901714325,0.6972221732139587,0.6972221732139587,0,0,0.6775413711583924,1.453873872756958
92,33,55,9,46,0,55,0.6471108198165894,0.6924242377281189,0.6759423613548279,0.6924242377281189,0.6924242377281189,0,0,0.6780141843971631,7.6674644947052
93,48,62,21,41,0,62,0.6485210061073303,0.7002688646316528,0.6888889074325562,0.7002688646316528,0.7002688646316528,0,0,0.6973995271867612,3.7538654804229736
94,45,46,7,39,0,46,0.6524301767349243,0.6811593770980835,0.6912529468536377,0.6811593770980835,0.6811593770980835,0,0,0.6950354609929078,2.139435291290283
95,49,40,4,36,0,40,0.6467729210853577,0.6812499761581421,0.6841607093811035,0.6812499761581421,0.6812499761581421,0,0,0.6888888888888889,3.050046443939209
96,37,41,0,41,0,41,0.6486926078796387,0.7235772013664246,0.687332034111023,0.7235772013664246,0.7235772013664246,0,0,0.6926713947990544,2.458953380584717
97,41,35,0,35,0,35,0.6513028144836426,0.688095211982727,0.6716244220733643,0.688095211982727,0.688095211982727,0,0,0.6728132387706856,4.4338812828063965
98,43,37,0,37,0,37,0.6489195823669434,0.6756756901741028,0.679125964641571,0.6756756901741028,0.6756756901741028,0,0,0.6836879432624113,4.274961709976196
99,48,55,17,38,0,55,0.6430243253707886,0.7303029894828796,0.7043198347091675,0.7303029894828796,0.7303029894828796,0,0,0.7106382978723405,2.5379695892333984
