round,n_client_req,n_new_updates,n_ontime_updates,n_delayed_updates,n_malicious_updates,n_benign_updates,client_avg_loss_avg,client_train_acc_avg,client_test_acc_avg,benign_client_train_acc_avg,benign_client_test_acc_avg,malicious_client_train_acc_avg,malicious_client_test_acc_avg,accuracy_score,aggregator_time
0,100,36,36,0,0,36,0.6899540424346924,0.4768518805503845,0.46335697174072266,0.4768518805503845,0.4768518805503845,0,0,0.46335697399527187,6.543649435043335
1,93,59,53,6,0,59,0.6862418055534363,0.4830508232116699,0.46335700154304504,0.4830508232116699,0.4830508232116699,0,0,0.46335697399527187,9.73734998703003
2,91,32,29,3,0,32,0.684895396232605,0.46875,0.46335697174072266,0.46875,0.46875,0,0,0.46335697399527187,5.590878248214722
3,87,46,38,8,0,46,0.680834949016571,0.4692029058933258,0.46335694193840027,0.4692029058933258,0.4692029058933258,0,0,0.46335697399527187,7.857967376708984
4,82,55,48,7,0,55,0.6802762150764465,0.4469697177410126,0.46335694193840027,0.4469697177410126,0.4469697177410126,0,0,0.46335697399527187,7.017849445343018
5,77,59,50,9,0,59,0.6747456789016724,0.4788135588169098,0.46335700154304504,0.4788135588169098,0.4788135588169098,0,0,0.46335697399527187,8.26899242401123
6,76,24,17,7,0,24,0.6724062561988831,0.472222238779068,0.4633964002132416,0.472222238779068,0.472222238779068,0,0,0.46335697399527187,3.624237537384033
7,72,53,37,16,0,53,0.6733753085136414,0.4496855139732361,0.4639190137386322,0.4496855139732361,0.4496855139732361,0,0,0.46382978723404256,4.92490029335022
8,61,54,36,18,0,54,0.6684455275535583,0.4830247163772583,0.46673673391342163,0.4830247163772583,0.4830247163772583,0,0,0.466193853427896,7.715855836868286
9,72,39,27,12,0,39,0.6627441048622131,0.5085470676422119,0.4788264334201813,0.5085470676422119,0.5085470676422119,0,0,0.4851063829787234,5.00163197517395
10,72,58,46,12,0,58,0.6582737565040588,0.5373563170433044,0.5096519589424133,0.5373563170433044,0.5373563170433044,0,0,0.5167848699763593,5.241031885147095
11,68,35,16,19,0,35,0.6617637276649475,0.5452381372451782,0.5129618644714355,0.5452381372451782,0.5452381372451782,0,0,0.5550827423167849,8.650088787078857
12,66,35,20,15,0,35,0.6590394973754883,0.5666666626930237,0.5623369812965393,0.5666666626930237,0.5666666626930237,0,0,0.6217494089834515,5.6711955070495605
13,55,25,5,20,0,25,0.6641243100166321,0.559999942779541,0.5297777652740479,0.559999942779541,0.559999942779541,0,0,0.46382978723404256,4.516652345657349
14,50,27,6,21,0,27,0.6688366532325745,0.4722222089767456,0.4947552978992462,0.4722222089767456,0.4722222089767456,0,0,0.4666666666666667,4.791140794754028
15,58,40,20,20,0,40,0.6654292345046997,0.49166664481163025,0.49112290143966675,0.49166664481163025,0.49166664481163025,0,0,0.48936170212765956,6.221643686294556
16,50,17,5,12,0,17,0.664124071598053,0.5735293626785278,0.49923521280288696,0.5735293626785278,0.5735293626785278,0,0,0.5087470449172576,5.057458877563477
17,57,25,0,25,0,25,0.6664646863937378,0.5199999809265137,0.5213050246238708,0.5199999809265137,0.5199999809265137,0,0,0.46382978723404256,6.763251543045044
18,42,22,0,22,0,22,0.6666809320449829,0.5303030610084534,0.4969482123851776,0.5303030610084534,0.5303030610084534,0,0,0.4666666666666667,6.160897731781006
19,37,49,17,32,0,49,0.6632112264633179,0.5102040767669678,0.5031118988990784,0.5102040767669678,0.5102040767669678,0,0,0.4789598108747045,7.396214485168457
20,44,34,0,34,0,34,0.6720792055130005,0.5073529481887817,0.4890696704387665,0.5073529481887817,0.5073529481887817,0,0,0.46335697399527187,10.322001695632935
21,40,48,19,29,0,48,0.6663351655006409,0.5104166865348816,0.4875788390636444,0.5104166865348816,0.5104166865348816,0,0,0.46382978723404256,5.949828147888184
22,35,30,0,30,0,30,0.6644923090934753,0.5138888955116272,0.5255476832389832,0.5138888955116272,0.5138888955116272,0,0,0.475177304964539,5.203360319137573
23,41,24,0,24,0,24,0.6638278365135193,0.5520833134651184,0.5092986226081848,0.5520833134651184,0.5520833134651184,0,0,0.4666666666666667,6.512446880340576
24,42,35,0,35,0,35,0.6677859425544739,0.4952380657196045,0.5021411776542664,0.4952380657196045,0.4952380657196045,0,0,0.47470449172576834,7.041704893112183
25,38,31,0,31,0,31,0.6619256734848022,0.5564516186714172,0.5037139058113098,0.5564516186714172,0.5564516186714172,0,0,0.4657210401891253,5.816275119781494
26,36,37,2,35,0,37,0.6628271341323853,0.5382882952690125,0.5071752667427063,0.5382882952690125,0.5382882952690125,0,0,0.46808510638297873,6.602783203125
27,35,47,4,43,0,47,0.6576164960861206,0.5709219574928284,0.5030834078788757,0.5709219574928284,0.5709219574928284,0,0,0.4657210401891253,8.69605541229248
28,38,39,0,39,0,39,0.6652255058288574,0.5085470080375671,0.49898773431777954,0.5085470080375671,0.5085470080375671,0,0,0.4799054373522459,6.277125120162964
29,43,30,0,30,0,30,0.6607117056846619,0.5249999761581421,0.49609139561653137,0.5249999761581421,0.5249999761581421,0,0,0.4912529550827423,5.767536878585815
30,35,45,0,45,0,45,0.6596683263778687,0.5574074387550354,0.5027790665626526,0.5574074387550354,0.5574074387550354,0,0,0.47092198581560285,4.846725940704346
31,32,38,0,38,0,38,0.6670636534690857,0.4802631139755249,0.49690181016921997,0.4802631139755249,0.4802631139755249,0,0,0.4988179669030733,6.671733140945435
32,43,56,3,53,0,56,0.6595492959022522,0.5401785969734192,0.5202718377113342,0.5401785969734192,0.5401785969734192,0,0,0.49598108747044917,11.44797682762146
33,42,40,0,40,0,40,0.6591050028800964,0.5104166269302368,0.5074349641799927,0.5104166269302368,0.5104166269302368,0,0,0.48652482269503544,7.226208209991455
34,43,43,10,33,0,43,0.6606468558311462,0.5058139562606812,0.5048875212669373,0.5058139562606812,0.5058139562606812,0,0,0.48605200945626476,9.523730039596558
35,44,52,17,35,0,52,0.655232310295105,0.5673076510429382,0.5310510993003845,0.5673076510429382,0.5673076510429382,0,0,0.5238770685579196,9.18141508102417
36,34,35,0,35,0,35,0.6560883522033691,0.5476190447807312,0.5299696922302246,0.5476190447807312,0.5476190447807312,0,0,0.4945626477541371,7.532576560974121
37,47,40,0,40,0,40,0.6546934843063354,0.5458332896232605,0.5198463201522827,0.5458332896232605,0.5458332896232605,0,0,0.5139479905437352,7.415984392166138
38,46,42,0,42,0,42,0.6564146876335144,0.547619104385376,0.5262974500656128,0.547619104385376,0.547619104385376,0,0,0.508274231678487,7.724280595779419
39,42,56,13,43,0,56,0.6553268432617188,0.5535714030265808,0.54655522108078,0.5535714030265808,0.5535714030265808,0,0,0.5541371158392435,6.00158429145813
40,49,51,0,51,0,51,0.6550517082214355,0.5326797366142273,0.5307838320732117,0.5326797366142273,0.5326797366142273,0,0,0.5267139479905437,10.863292455673218
41,37,56,10,46,0,56,0.6534258723258972,0.5669642686843872,0.5398430228233337,0.5669642686843872,0.5669642686843872,0,0,0.5163120567375886,7.8510518074035645
42,48,65,25,40,0,65,0.6507139801979065,0.5871794819831848,0.5410001873970032,0.5871794819831848,0.5871794819831848,0,0,0.5423167848699764,8.395385980606079
43,41,28,0,28,0,28,0.6621822118759155,0.4910714328289032,0.5169199109077454,0.4910714328289032,0.4910714328289032,0,0,0.4950354609929078,4.733891725540161
44,44,43,8,35,0,43,0.6593199372291565,0.5193797945976257,0.5414701104164124,0.5193797945976257,0.5193797945976257,0,0,0.533806146572104,6.997403621673584
45,42,55,0,55,0,55,0.6578535437583923,0.5196970105171204,0.5259059071540833,0.5196970105171204,0.5196970105171204,0,0,0.5073286052009456,12.652604341506958
46,50,56,22,34,0,56,0.6532524824142456,0.5892857909202576,0.55164635181427,0.5892857909202576,0.5892857909202576,0,0,0.5650118203309693,11.606612205505371
47,51,63,20,43,0,63,0.6530552506446838,0.5727512836456299,0.5625576376914978,0.5727512836456299,0.5727512836456299,0,0,0.5267139479905437,7.713019132614136
48,54,34,0,34,0,34,0.6595246195793152,0.5147058367729187,0.5421777367591858,0.5147058367729187,0.5147058367729187,0,0,0.5725768321513003,9.904819250106812
49,40,42,8,34,0,42,0.6515981554985046,0.5972222089767456,0.5676236152648926,0.5972222089767456,0.5972222089767456,0,0,0.556501182033097,5.6610496044158936
50,48,37,0,37,0,37,0.6577803492546082,0.5225225687026978,0.5490895509719849,0.5225225687026978,0.5225225687026978,0,0,0.5962174940898345,8.530406713485718
51,46,47,6,41,0,47,0.6508182883262634,0.6152483224868774,0.5725768208503723,0.6152483224868774,0.6152483224868774,0,0,0.5607565011820331,9.392387628555298
52,43,39,0,39,0,39,0.6466073393821716,0.6324785947799683,0.5547311902046204,0.6324785947799683,0.6324785947799683,0,0,0.5290780141843971,6.4921369552612305
53,45,42,13,29,0,42,0.6528401374816895,0.5992063283920288,0.5771924257278442,0.5992063283920288,0.5992063283920288,0,0,0.6080378250591016,8.346603870391846
54,47,43,0,43,0,43,0.651861310005188,0.5968992710113525,0.575413703918457,0.5968992710113525,0.5968992710113525,0,0,0.5659574468085107,7.072905778884888
55,46,29,0,29,0,29,0.6500092148780823,0.617816150188446,0.587690532207489,0.617816150188446,0.617816150188446,0,0,0.5872340425531914,8.54726791381836
56,40,34,0,34,0,34,0.6514484286308289,0.6323529481887817,0.5796412229537964,0.6323529481887817,0.6323529481887817,0,0,0.5985815602836879,9.748151302337646
57,40,34,0,34,0,34,0.653553307056427,0.5833333134651184,0.5817410349845886,0.5833333134651184,0.5833333134651184,0,0,0.5555555555555556,8.035509586334229
58,41,30,0,30,0,30,0.6547358632087708,0.6111111044883728,0.6016390919685364,0.6111111044883728,0.6111111044883728,0,0,0.6345153664302601,7.197065830230713
59,44,38,3,35,0,38,0.6520586609840393,0.6250000596046448,0.6039069294929504,0.6250000596046448,0.6250000596046448,0,0,0.6179669030732861,6.161807298660278
60,34,55,8,47,0,55,0.6480115652084351,0.6439393758773804,0.6161186099052429,0.6439393758773804,0.6439393758773804,0,0,0.6212765957446809,8.624879360198975
61,45,47,0,47,0,47,0.6507721543312073,0.6081560254096985,0.5937327146530151,0.6081560254096985,0.6081560254096985,0,0,0.6212765957446809,7.891937732696533
62,41,43,0,43,0,43,0.6513603329658508,0.6220930218696594,0.6166254281997681,0.6220930218696594,0.6220930218696594,0,0,0.625531914893617,6.8930983543396
63,41,51,6,45,0,51,0.6482176184654236,0.6323529481887817,0.6281277537345886,0.6323529481887817,0.6323529481887817,0,0,0.625531914893617,9.129915714263916
64,41,36,0,36,0,36,0.6497127413749695,0.6319444179534912,0.6119911670684814,0.6319444179534912,0.6319444179534912,0,0,0.6127659574468085,6.810754299163818
65,38,28,0,28,0,28,0.6473227143287659,0.6488094925880432,0.6304458379745483,0.6488094925880432,0.6488094925880432,0,0,0.6108747044917258,5.501757383346558
66,40,64,4,60,0,64,0.6497409343719482,0.6445313096046448,0.6291592717170715,0.6445313096046448,0.6445313096046448,0,0,0.6203309692671395,10.09561800956726
67,45,51,0,51,0,51,0.64974045753479,0.6503268480300903,0.6327910423278809,0.6503268480300903,0.6503268480300903,0,0,0.631678486997636,9.499526500701904
68,50,42,0,42,0,42,0.6458160877227783,0.658730149269104,0.632860541343689,0.658730149269104,0.658730149269104,0,0,0.6349881796690308,6.8141210079193115
69,38,41,9,32,0,41,0.6427220106124878,0.6707316637039185,0.6410309672355652,0.6707316637039185,0.6707316637039185,0,0,0.6657210401891253,8.290536165237427
70,45,56,23,33,0,56,0.640849232673645,0.7351190447807312,0.6720365285873413,0.7351190447807312,0.7351190447807312,0,0,0.6789598108747045,9.38171100616455
71,50,45,13,32,0,45,0.6516416668891907,0.6555556058883667,0.6840241551399231,0.6555556058883667,0.6555556058883667,0,0,0.6865248226950355,6.300992488861084
72,48,37,0,37,0,37,0.648722231388092,0.6599098443984985,0.6556002497673035,0.6599098443984985,0.6599098443984985,0,0,0.6699763593380614,6.219803094863892
73,41,36,0,36,0,36,0.6494181156158447,0.6851851940155029,0.6678881049156189,0.6851851940155029,0.6851851940155029,0,0,0.684160756501182,5.988065719604492
74,46,38,0,38,0,38,0.6489995121955872,0.6600877642631531,0.6655592918395996,0.6600877642631531,0.6600877642631531,0,0,0.6709219858156028,9.306782960891724
75,38,28,0,28,0,28,0.6517432928085327,0.7023809552192688,0.6667848825454712,0.7023809552192688,0.7023809552192688,0,0,0.6444444444444445,10.17050552368164
76,37,42,9,33,0,42,0.6496028900146484,0.6626983880996704,0.6818305253982544,0.6626983880996704,0.6626983880996704,0,0,0.6846335697399527,6.978648900985718
77,44,62,14,48,0,62,0.6423664689064026,0.7110215425491333,0.6849005222320557,0.7110215425491333,0.7110215425491333,0,0,0.6784869976359338,8.601397514343262
78,48,41,0,41,0,41,0.6407293677330017,0.7052845358848572,0.6625036597251892,0.7052845358848572,0.7052845358848572,0,0,0.6709219858156028,8.372513055801392
79,37,37,0,37,0,37,0.6476701498031616,0.6666666269302368,0.6745383739471436,0.6666666269302368,0.6666666269302368,0,0,0.6869976359338061,9.345000743865967
80,53,38,0,38,0,38,0.6464402079582214,0.6864034533500671,0.6844841837882996,0.6864034533500671,0.6864034533500671,0,0,0.6851063829787234,8.341696739196777
81,35,36,0,36,0,36,0.6443670392036438,0.7152777314186096,0.6961255073547363,0.7152777314186096,0.7152777314186096,0,0,0.675177304964539,9.725597143173218
82,42,44,0,44,0,44,0.6450253129005432,0.6988635659217834,0.6837524175643921,0.6988635659217834,0.6988635659217834,0,0,0.6747044917257683,8.865445375442505
83,49,42,7,35,0,42,0.6428698897361755,0.7222222089767456,0.7029494047164917,0.7222222089767456,0.7222222089767456,0,0,0.7328605200945626,10.072178602218628
84,44,32,0,32,0,32,0.6402575969696045,0.7213541865348816,0.6944444179534912,0.7213541865348816,0.7213541865348816,0,0,0.7163120567375887,6.9948179721832275
85,44,34,0,34,0,34,0.6446846127510071,0.7009803652763367,0.7067723274230957,0.7009803652763367,0.7009803652763367,0,0,0.7319148936170212,8.687105417251587
86,43,71,20,51,0,71,0.6399250030517578,0.7558685541152954,0.7307095527648926,0.7558685541152954,0.7558685541152954,0,0,0.7375886524822695,10.938366651535034
87,42,53,8,45,0,53,0.6432983875274658,0.7248427867889404,0.727284848690033,0.7248427867889404,0.7248427867889404,0,0,0.7356973995271867,7.680731296539307
88,39,67,16,51,0,67,0.6399945020675659,0.7338308691978455,0.7224939465522766,0.7338308691978455,0.7338308691978455,0,0,0.7361702127659574,10.510777473449707
89,43,40,11,29,0,40,0.6426576375961304,0.7520833015441895,0.7243262529373169,0.7520833015441895,0.7520833015441895,0,0,0.733806146572104,7.2293336391448975
90,51,49,11,38,0,49,0.6420871615409851,0.7363945245742798,0.7319149374961853,0.7363945245742798,0.7363945245742798,0,0,0.733806146572104,8.634839296340942
91,47,47,21,26,0,47,0.6424726247787476,0.75,0.7409386038780212,0.75,0.75,0,0,0.7773049645390071,10.086498498916626
92,49,43,8,35,0,43,0.6356361508369446,0.7829457521438599,0.7295618057250977,0.7829457521438599,0.7829457521438599,0,0,0.7276595744680852,8.964491367340088
93,42,39,0,39,0,39,0.6422812342643738,0.7435897588729858,0.7480148077011108,0.7435897588729858,0.7435897588729858,0,0,0.7371158392434988,7.599631071090698
94,47,38,0,38,0,38,0.6363440752029419,0.7565789222717285,0.7270996570587158,0.7565789222717285,0.7565789222717285,0,0,0.7210401891252955,7.2715654373168945
95,37,38,2,36,0,38,0.6388007998466492,0.7434210181236267,0.7373397946357727,0.7434210181236267,0.7434210181236267,0,0,0.7418439716312056,8.439100503921509
96,48,37,0,37,0,37,0.644282341003418,0.7657657861709595,0.7484889626502991,0.7657657861709595,0.7657657861709595,0,0,0.7423167848699763,8.731619596481323
97,41,34,0,34,0,34,0.6420205235481262,0.7549020051956177,0.7463217377662659,0.7549020051956177,0.7549020051956177,0,0,0.7366430260047281,8.620744228363037
98,52,66,20,46,0,66,0.6389371752738953,0.7777777910232544,0.7577979564666748,0.7777777910232544,0.7777777910232544,0,0,0.7735224586288416,8.284456253051758
99,43,59,19,40,0,59,0.638613224029541,0.7853108048439026,0.7709259390830994,0.7853108048439026,0.7853108048439026,0,0,0.7702127659574468,9.645078897476196
