round,n_client_req,n_new_updates,n_ontime_updates,n_delayed_updates,n_malicious_updates,n_benign_updates,client_avg_loss_avg,client_train_acc_avg,client_test_acc_avg,benign_client_train_acc_avg,benign_client_test_acc_avg,malicious_client_train_acc_avg,malicious_client_test_acc_avg,accuracy_score,aggregator_time
0,100,36,36,0,0,36,0.6899540424346924,0.4768518805503845,0.46335697174072266,0.4768518805503845,0.4768518805503845,0,0,0.46335697399527187,0.1767749786376953
1,93,71,65,6,0,71,0.6858572959899902,0.48591548204421997,0.46335697174072266,0.48591548204421997,0.48591548204421997,0,0,0.46335697399527187,0.08385229110717773
2,93,56,53,3,0,56,0.6842036247253418,0.4732142984867096,0.46335703134536743,0.4732142984867096,0.4732142984867096,0,0,0.46335697399527187,0.0731954574584961
3,97,57,54,3,0,57,0.6817326545715332,0.46929824352264404,0.46335703134536743,0.46929824352264404,0.46929824352264404,0,0,0.46335697399527187,0.16448664665222168
4,84,52,46,6,0,52,0.6810881495475769,0.4503205120563507,0.46335697174072266,0.4503205120563507,0.4503205120563507,0,0,0.46335697399527187,0.06739020347595215
5,81,25,15,10,0,25,0.6778628826141357,0.49000003933906555,0.46335697174072266,0.49000003933906555,0.49000003933906555,0,0,0.46335697399527187,0.0449526309967041
6,74,52,44,8,0,52,0.6780424118041992,0.45673078298568726,0.46335697174072266,0.45673078298568726,0.45673078298568726,0,0,0.46335697399527187,0.06810927391052246
7,73,64,52,12,0,64,0.675111711025238,0.4661458134651184,0.46335697174072266,0.4661458134651184,0.4661458134651184,0,0,0.46335697399527187,0.17711639404296875
8,70,46,34,12,0,46,0.6746415495872498,0.4637681245803833,0.4634186327457428,0.4637681245803833,0.4637681245803833,0,0,0.46335697399527187,0.0626213550567627
9,67,21,15,6,0,21,0.6716206669807434,0.5000000596046448,0.46344706416130066,0.5000000596046448,0.5000000596046448,0,0,0.46335697399527187,0.03988003730773926
10,64,29,13,16,0,29,0.6797442436218262,0.43103447556495667,0.4634222090244293,0.43103447556495667,0.43103447556495667,0,0,0.46335697399527187,0.0651388168334961
11,57,11,0,11,0,11,0.6790717840194702,0.42424246668815613,0.46344298124313354,0.42424246668815613,0.42424246668815613,0,0,0.46335697399527187,0.03296470642089844
12,54,47,31,16,0,47,0.6744898557662964,0.46099284291267395,0.46339717507362366,0.46099284291267395,0.46099284291267395,0,0,0.46335697399527187,0.06475591659545898
13,56,41,22,19,0,41,0.6749802827835083,0.45325204730033875,0.46343767642974854,0.45325204730033875,0.45325204730033875,0,0,0.46335697399527187,0.18521523475646973
14,54,22,0,22,0,22,0.6773890852928162,0.4772726893424988,0.4633999764919281,0.4772726893424988,0.4772726893424988,0,0,0.46335697399527187,0.042017459869384766
15,48,48,23,25,0,48,0.674887478351593,0.4739583432674408,0.46338653564453125,0.4739583432674408,0.4739583432674408,0,0,0.46335697399527187,0.06873250007629395
16,44,25,3,22,0,25,0.6767458319664001,0.46666663885116577,0.46339482069015503,0.46666663885116577,0.46666663885116577,0,0,0.46335697399527187,0.04576730728149414
17,42,29,15,14,0,29,0.6778579354286194,0.4252873361110687,0.4633732736110687,0.4252873361110687,0.4252873361110687,0,0,0.46335697399527187,0.049138784408569336
18,46,25,7,18,0,25,0.6748690009117126,0.4766666293144226,0.4634326696395874,0.4766666293144226,0.4766666293144226,0,0,0.46335697399527187,0.04527688026428223
19,58,61,32,29,0,61,0.672308623790741,0.4890710413455963,0.4634034335613251,0.4890710413455963,0.4890710413455963,0,0,0.46335697399527187,0.08020615577697754
20,46,43,16,27,0,43,0.6748442053794861,0.4767441749572754,0.4634229838848114,0.4767441749572754,0.4767441749572754,0,0,0.46335697399527187,0.06039071083068848
21,39,22,0,22,0,22,0.6731048822402954,0.5189394354820251,0.46344298124313354,0.5189394354820251,0.5189394354820251,0,0,0.46335697399527187,0.04238319396972656
22,47,29,0,29,0,29,0.6751383543014526,0.4712643325328827,0.4633732736110687,0.4712643325328827,0.4712643325328827,0,0,0.46335697399527187,0.1677083969116211
23,42,33,0,33,0,33,0.6730929017066956,0.47979792952537537,0.4633856415748596,0.47979792952537537,0.47979792952537537,0,0,0.46335697399527187,0.05406332015991211
24,43,45,2,43,0,45,0.6754192113876343,0.47962963581085205,0.4633674621582031,0.47962963581085205,0.47962963581085205,0,0,0.46335697399527187,0.06249284744262695
25,39,36,0,36,0,36,0.676878035068512,0.4583333432674408,0.46342265605926514,0.4583333432674408,0.4583333432674408,0,0,0.46335697399527187,0.054941415786743164
26,45,36,0,36,0,36,0.680569052696228,0.4166666865348816,0.4634488821029663,0.4166666865348816,0.4166666865348816,0,0,0.46335697399527187,0.05452585220336914
27,45,36,0,36,0,36,0.6723783612251282,0.49768516421318054,0.4633832573890686,0.49768516421318054,0.49768516421318054,0,0,0.46335697399527187,0.05516457557678223
28,41,49,15,34,0,49,0.6708613634109497,0.488095223903656,0.46342453360557556,0.488095223903656,0.488095223903656,0,0,0.46335697399527187,0.06795692443847656
29,45,54,13,41,0,54,0.6731575131416321,0.458333283662796,0.46347957849502563,0.458333283662796,0.458333283662796,0,0,0.46335697399527187,0.19444704055786133
30,38,47,12,35,0,47,0.6702383160591125,0.5,0.46349775791168213,0.5,0.5,0,0,0.46335697399527187,0.06656360626220703
31,35,50,0,50,0,50,0.6730434894561768,0.46666666865348816,0.4634326696395874,0.46666666865348816,0.46666666865348816,0,0,0.46335697399527187,0.07090020179748535
32,41,57,17,40,0,57,0.6724094748497009,0.46052631735801697,0.46353113651275635,0.46052631735801697,0.46052631735801697,0,0,0.46335697399527187,0.07306814193725586
33,41,40,0,40,0,40,0.6722542643547058,0.4791666865348816,0.46341603994369507,0.4791666865348816,0.4791666865348816,0,0,0.46335697399527187,0.16787171363830566
34,38,52,18,34,0,52,0.6692662835121155,0.4759615361690521,0.46351158618927,0.4759615361690521,0.4759615361690521,0,0,0.46335697399527187,0.07252073287963867
35,50,36,0,36,0,36,0.675948441028595,0.4120370149612427,0.463632732629776,0.4120370149612427,0.4120370149612427,0,0,0.46335697399527187,0.05879640579223633
36,53,33,0,33,0,33,0.672724723815918,0.4621211886405945,0.46365785598754883,0.4621211886405945,0.4621211886405945,0,0,0.46335697399527187,0.06207394599914551
37,46,63,19,44,0,63,0.6690722107887268,0.4735449552536011,0.46394985914230347,0.4735449552536011,0.4735449552536011,0,0,0.46335697399527187,0.20028090476989746
38,53,41,0,41,0,41,0.6676591038703918,0.5,0.4635530412197113,0.5,0.5,0,0,0.46335697399527187,0.06361532211303711
39,51,67,30,37,0,67,0.6713034510612488,0.4527362883090973,0.4642108380794525,0.4527362883090973,0.4527362883090973,0,0,0.46382978723404256,0.0918266773223877
40,48,31,0,31,0,31,0.6673808097839355,0.5107526779174805,0.4636010229587555,0.5107526779174805,0.5107526779174805,0,0,0.46335697399527187,0.05561208724975586
41,53,37,3,34,0,37,0.6705592274665833,0.45495498180389404,0.4642258584499359,0.45495498180389404,0.45495498180389404,0,0,0.46382978723404256,0.057477712631225586
42,39,65,18,47,0,65,0.6696045398712158,0.4602563977241516,0.4652627408504486,0.4602563977241516,0.4602563977241516,0,0,0.46382978723404256,0.18189501762390137
43,44,54,13,41,0,54,0.6707786917686462,0.45370373129844666,0.4657297432422638,0.45370373129844666,0.45370373129844666,0,0,0.46382978723404256,0.073486328125
44,45,40,0,40,0,40,0.6699172854423523,0.4583333432674408,0.46497637033462524,0.4583333432674408,0.4583333432674408,0,0,0.46382978723404256,0.06156206130981445
45,47,31,0,31,0,31,0.6708896160125732,0.46236559748649597,0.4651567339897156,0.46236559748649597,0.46236559748649597,0,0,0.46382978723404256,0.061237335205078125
46,37,42,0,42,0,42,0.6690035462379456,0.4682539999485016,0.4643138349056244,0.4682539999485016,0.4682539999485016,0,0,0.46382978723404256,0.1694931983947754
47,55,57,13,44,0,57,0.6720072031021118,0.4327485263347626,0.4659367501735687,0.4327485263347626,0.4327485263347626,0,0,0.46382978723404256,0.07607555389404297
48,58,42,2,40,0,42,0.6674230694770813,0.4742063283920288,0.46488797664642334,0.4742063283920288,0.4742063283920288,0,0,0.46382978723404256,0.0637521743774414
49,42,41,0,41,0,41,0.6679055094718933,0.4695122539997101,0.46532896161079407,0.4695122539997101,0.4695122539997101,0,0,0.46382978723404256,0.060468196868896484
50,48,37,0,37,0,37,0.6672864556312561,0.4932432472705841,0.4644559323787689,0.4932432472705841,0.4932432472705841,0,0,0.46382978723404256,0.0558016300201416
51,44,49,17,32,0,49,0.6676852107048035,0.4625850319862366,0.46648332476615906,0.4625850319862366,0.4625850319862366,0,0,0.46430260047281324,0.07211565971374512
52,44,57,9,48,0,57,0.6647911667823792,0.49707600474357605,0.4666418135166168,0.49707600474357605,0.49707600474357605,0,0,0.46382978723404256,0.18155455589294434
53,43,42,0,42,0,42,0.6694216728210449,0.4583333432674408,0.46666666865348816,0.4583333432674408,0.4583333432674408,0,0,0.46430260047281324,0.06473064422607422
54,52,58,17,41,0,58,0.6659108996391296,0.48706895112991333,0.4684438407421112,0.48706895112991333,0.48706895112991333,0,0,0.4652482269503546,0.08280110359191895
55,47,54,16,38,0,54,0.6663607954978943,0.4830246567726135,0.47061556577682495,0.4830246567726135,0.4830246567726135,0,0,0.4666666666666667,0.07446765899658203
56,48,38,0,38,0,38,0.6652505993843079,0.4846491515636444,0.46657952666282654,0.4846491515636444,0.4846491515636444,0,0,0.4652482269503546,0.05616259574890137
57,44,62,18,44,0,62,0.6642712950706482,0.48924732208251953,0.4712117910385132,0.48924732208251953,0.48924732208251953,0,0,0.46713947990543736,0.17786121368408203
58,37,33,0,33,0,33,0.6690038442611694,0.42424243688583374,0.46971845626831055,0.42424243688583374,0.42424243688583374,0,0,0.4666666666666667,0.053961753845214844
59,49,65,23,42,0,65,0.663543164730072,0.49871790409088135,0.47483542561531067,0.49871790409088135,0.49871790409088135,0,0,0.4695035460992908,0.08269524574279785
60,56,36,8,28,0,36,0.66092848777771,0.5138888955116272,0.4735618829727173,0.5138888955116272,0.5138888955116272,0,0,0.46713947990543736,0.056650638580322266
61,42,45,2,43,0,45,0.6642926931381226,0.48888885974884033,0.47236141562461853,0.48888885974884033,0.48888885974884033,0,0,0.46713947990543736,0.0648965835571289
62,43,35,0,35,0,35,0.6654598116874695,0.476190447807312,0.47285374999046326,0.476190447807312,0.476190447807312,0,0,0.46761229314420805,0.05504179000854492
63,48,41,4,37,0,41,0.6615033149719238,0.5040650963783264,0.4778527617454529,0.5040650963783264,0.5040650963783264,0,0,0.4699763593380615,0.06565523147583008
64,45,55,24,31,0,55,0.6617304682731628,0.5030303001403809,0.484255313873291,0.5030303001403809,0.5030303001403809,0,0,0.47848699763593383,0.0743246078491211
65,48,68,17,51,0,68,0.6608251929283142,0.5134803652763367,0.4842650592327118,0.5134803652763367,0.5134803652763367,0,0,0.4723404255319149,0.08376049995422363
66,56,63,28,35,0,63,0.6619459390640259,0.5105820298194885,0.488108366727829,0.5105820298194885,0.5105820298194885,0,0,0.47848699763593383,0.17801809310913086
67,47,55,19,36,0,55,0.6617212295532227,0.5136363506317139,0.48744460940361023,0.5136363506317139,0.5136363506317139,0,0,0.47754137115839246,0.07654953002929688
68,53,51,16,35,0,51,0.6622962951660156,0.5130718946456909,0.4957956373691559,0.5130718946456909,0.5130718946456909,0,0,0.48605200945626476,0.07016444206237793
69,45,38,14,24,0,38,0.664949893951416,0.46929821372032166,0.4958815276622772,0.46929821372032166,0.46929821372032166,0,0,0.4846335697399527,0.15587949752807617
70,54,43,0,43,0,43,0.6618344783782959,0.4922480583190918,0.4783550500869751,0.4922480583190918,0.4922480583190918,0,0,0.4718676122931442,0.0650947093963623
71,50,58,17,41,0,58,0.6625354886054993,0.5057471394538879,0.48918238282203674,0.5057471394538879,0.5057471394538879,0,0,0.48321513002364064,0.0788118839263916
72,53,59,28,31,0,59,0.659844696521759,0.5225988626480103,0.512802004814148,0.5225988626480103,0.5225988626480103,0,0,0.5049645390070922,0.1871638298034668
73,47,65,26,39,0,65,0.6587769985198975,0.5320512652397156,0.5163993835449219,0.5320512652397156,0.5320512652397156,0,0,0.49976359338061466,0.08304500579833984
74,50,41,0,41,0,41,0.6615899205207825,0.5081300735473633,0.48523324728012085,0.5081300735473633,0.5081300735473633,0,0,0.47754137115839246,0.061953067779541016
75,38,30,0,30,0,30,0.662288248538971,0.5083333253860474,0.4860363006591797,0.5083333253860474,0.5083333253860474,0,0,0.4761229314420804,0.05192971229553223
76,45,38,0,38,0,38,0.6643322706222534,0.4736842215061188,0.49670276045799255,0.4736842215061188,0.4736842215061188,0,0,0.48699763593380613,0.057840824127197266
77,39,39,0,39,0,39,0.6632179617881775,0.4914529621601105,0.4957992434501648,0.4914529621601105,0.4914529621601105,0,0,0.4884160756501182,0.16658854484558105
78,48,26,0,26,0,26,0.6569618582725525,0.5384615659713745,0.4991271197795868,0.5384615659713745,0.5384615659713745,0,0,0.4912529550827423,0.04932832717895508
79,48,49,0,49,0,49,0.658711314201355,0.5306122899055481,0.4998118281364441,0.5306122899055481,0.5306122899055481,0,0,0.4921985815602837,0.0668935775756836
80,48,48,17,31,0,48,0.6543710827827454,0.5642361044883728,0.511603593826294,0.5642361044883728,0.5642361044883728,0,0,0.5044917257683215,0.07282114028930664
81,46,32,0,32,0,32,0.6611729860305786,0.4973958134651184,0.5009604096412659,0.4973958134651184,0.4973958134651184,0,0,0.4950354609929078,0.06648945808410645
82,37,49,13,36,0,49,0.6598273515701294,0.5289115309715271,0.5220341086387634,0.5289115309715271,0.5289115309715271,0,0,0.5115839243498818,0.17082762718200684
83,41,23,0,23,0,23,0.6609271764755249,0.5036231875419617,0.5102271437644958,0.5036231875419617,0.5036231875419617,0,0,0.5040189125295508,0.047135114669799805
84,46,36,0,36,0,36,0.6567933559417725,0.5439814925193787,0.5090360045433044,0.5439814925193787,0.5439814925193787,0,0,0.5030732860520094,0.0581817626953125
85,42,47,7,40,0,47,0.6551412343978882,0.5620566606521606,0.5219858288764954,0.5620566606521606,0.5620566606521606,0,0,0.5139479905437352,0.07411718368530273
86,37,23,0,23,0,23,0.6619814038276672,0.4855073094367981,0.5375475883483887,0.4855073094367981,0.4855073094367981,0,0,0.5314420803782506,0.04682302474975586
87,48,52,11,41,0,52,0.6571953892707825,0.5689102411270142,0.5472630858421326,0.5689102411270142,0.5689102411270142,0,0,0.5390070921985816,0.07042622566223145
88,42,53,0,53,0,53,0.6575140953063965,0.5424528121948242,0.5356974005699158,0.5424528121948242,0.5424528121948242,0,0,0.5276595744680851,0.17205405235290527
89,49,44,0,44,0,44,0.6570425629615784,0.5587120652198792,0.529529333114624,0.5587120652198792,0.5587120652198792,0,0,0.51725768321513,0.06545662879943848
90,41,36,0,36,0,36,0.6517887115478516,0.5995370745658875,0.5322037935256958,0.5995370745658875,0.5995370745658875,0,0,0.5224586288416075,0.07536673545837402
91,34,30,0,30,0,30,0.65314120054245,0.5805555582046509,0.5531914830207825,0.5805555582046509,0.5805555582046509,0,0,0.5479905437352246,0.052156925201416016
92,33,55,9,46,0,55,0.6550664305686951,0.5666666626930237,0.5552546381950378,0.5666666626930237,0.5666666626930237,0,0,0.5494089834515367,0.17356371879577637
93,48,62,21,41,0,62,0.6564102172851562,0.5766128897666931,0.5713719129562378,0.5766128897666931,0.5766128897666931,0,0,0.5673758865248227,0.08131051063537598
94,45,46,7,39,0,46,0.6599563360214233,0.5706521272659302,0.5705724954605103,0.5706521272659302,0.5706521272659302,0,0,0.5683215130023641,0.06879377365112305
95,49,40,4,36,0,40,0.6547753810882568,0.5687500238418579,0.5624704957008362,0.5687500238418579,0.5687500238418579,0,0,0.5607565011820331,0.06263494491577148
96,37,41,0,41,0,41,0.6564945578575134,0.5833333134651184,0.5667070150375366,0.5833333134651184,0.5833333134651184,0,0,0.5659574468085107,0.16718816757202148
97,41,35,0,35,0,35,0.6589778661727905,0.5619047284126282,0.5500304698944092,0.5619047284126282,0.5619047284126282,0,0,0.5456264775413712,0.06096792221069336
98,43,37,0,37,0,37,0.6566567420959473,0.5743243098258972,0.5574978590011597,0.5743243098258972,0.5743243098258972,0,0,0.5536643026004728,0.06273007392883301
99,48,55,17,38,0,55,0.6512274146080017,0.6181817650794983,0.5868471264839172,0.6181817650794983,0.6181817650794983,0,0,0.5867612293144208,0.07522296905517578
