round,n_client_req,n_new_updates,n_ontime_updates,n_delayed_updates,n_malicious_updates,n_benign_updates,client_avg_loss_avg,client_train_acc_avg,client_test_acc_avg,benign_client_train_acc_avg,benign_client_test_acc_avg,malicious_client_train_acc_avg,malicious_client_test_acc_avg,accuracy_score,aggregator_time
0,100,36,36,0,0,36,0.6899540424346924,0.4768518805503845,0.46335697174072266,0.4768518805503845,0.4768518805503845,0,0,0.46335697399527187,0.1828780174255371
1,93,71,65,6,0,71,0.6858572959899902,0.48591548204421997,0.46335697174072266,0.48591548204421997,0.48591548204421997,0,0,0.46335697399527187,0.08289408683776855
2,93,56,53,3,0,56,0.6842020750045776,0.4732142984867096,0.46335703134536743,0.4732142984867096,0.4732142984867096,0,0,0.46335697399527187,0.07160353660583496
3,97,57,54,3,0,57,0.6817207932472229,0.46929824352264404,0.46335703134536743,0.46929824352264404,0.46929824352264404,0,0,0.46335697399527187,0.187147855758667
4,84,52,46,6,0,52,0.6810547709465027,0.4503205120563507,0.46335697174072266,0.4503205120563507,0.4503205120563507,0,0,0.46335697399527187,0.06753087043762207
5,81,25,15,10,0,25,0.6776279211044312,0.49000003933906555,0.46335697174072266,0.49000003933906555,0.49000003933906555,0,0,0.46335697399527187,0.045377492904663086
6,74,52,44,8,0,52,0.6770874857902527,0.45673078298568726,0.46335697174072266,0.45673078298568726,0.45673078298568726,0,0,0.46335697399527187,0.06810927391052246
7,73,64,52,12,0,64,0.6738812327384949,0.4661458134651184,0.4633643627166748,0.4661458134651184,0.4661458134651184,0,0,0.46335697399527187,0.18516230583190918
8,70,46,34,12,0,46,0.6733179688453674,0.4637681245803833,0.463562548160553,0.4637681245803833,0.4637681245803833,0,0,0.46335697399527187,0.06464338302612305
9,67,21,15,6,0,21,0.6694987416267395,0.5000000596046448,0.46387481689453125,0.5000000596046448,0.5000000596046448,0,0,0.46335697399527187,0.04432272911071777
10,64,29,13,16,0,29,0.6779622435569763,0.43103447556495667,0.4643515348434448,0.43103447556495667,0.43103447556495667,0,0,0.46335697399527187,0.04887676239013672
11,57,11,0,11,0,11,0.6774244904518127,0.42424246668815613,0.463958740234375,0.42424246668815613,0.42424246668815613,0,0,0.46335697399527187,0.03413748741149902
12,54,47,31,16,0,47,0.6707934141159058,0.4627659022808075,0.46485593914985657,0.4627659022808075,0.4627659022808075,0,0,0.46382978723404256,0.06646060943603516
13,56,41,22,19,0,41,0.671488881111145,0.4593495726585388,0.46621689200401306,0.4593495726585388,0.4593495726585388,0,0,0.46382978723404256,0.18070578575134277
14,54,22,0,22,0,22,0.675431489944458,0.4848484694957733,0.4646035134792328,0.4848484694957733,0.4848484694957733,0,0,0.46335697399527187,0.04435229301452637
15,48,48,23,25,0,48,0.670316219329834,0.4791666567325592,0.4649132788181305,0.4791666567325592,0.4791666567325592,0,0,0.46382978723404256,0.06553840637207031
16,44,25,3,22,0,25,0.6740216016769409,0.4699999988079071,0.4646618962287903,0.4699999988079071,0.4699999988079071,0,0,0.46382978723404256,0.04969310760498047
17,42,29,15,14,0,29,0.6730713844299316,0.4367815852165222,0.4663242697715759,0.4367815852165222,0.4367815852165222,0,0,0.46430260047281324,0.0502474308013916
18,46,25,7,18,0,25,0.6710269451141357,0.49000000953674316,0.46755558252334595,0.49000000953674316,0.49000000953674316,0,0,0.46382978723404256,0.04971456527709961
19,58,61,32,29,0,61,0.6667632460594177,0.4972677528858185,0.4687904715538025,0.4972677528858185,0.4972677528858185,0,0,0.4657210401891253,0.07599282264709473
20,46,43,16,27,0,43,0.6703420877456665,0.48255813121795654,0.47077906131744385,0.48255813121795654,0.48255813121795654,0,0,0.46477541371158393,0.05959892272949219
21,39,22,0,22,0,22,0.6697865724563599,0.5227273106575012,0.46625834703445435,0.5227273106575012,0.5227273106575012,0,0,0.46382978723404256,0.0423276424407959
22,47,29,0,29,0,29,0.6715703010559082,0.47413793206214905,0.4655090868473053,0.47413793206214905,0.47413793206214905,0,0,0.46382978723404256,0.1446094512939453
23,42,33,0,33,0,33,0.6698472499847412,0.47979792952537537,0.4651765525341034,0.47979792952537537,0.47979792952537537,0,0,0.46382978723404256,0.05639147758483887
24,43,45,2,43,0,45,0.6719872355461121,0.48148152232170105,0.46488046646118164,0.48148152232170105,0.48148152232170105,0,0,0.46335697399527187,0.060359954833984375
25,39,36,0,36,0,36,0.6726637482643127,0.46759259700775146,0.4682164192199707,0.46759259700775146,0.46759259700775146,0,0,0.46382978723404256,0.05529212951660156
26,45,36,0,36,0,36,0.677294909954071,0.42129629850387573,0.4686630070209503,0.42129629850387573,0.42129629850387573,0,0,0.46382978723404256,0.058229923248291016
27,45,36,0,36,0,36,0.6674634218215942,0.5069444179534912,0.46688997745513916,0.5069444179534912,0.5069444179534912,0,0,0.46382978723404256,0.057528018951416016
28,41,49,15,34,0,49,0.665391743183136,0.4931972622871399,0.4680079221725464,0.4931972622871399,0.4931972622871399,0,0,0.46477541371158393,0.06587648391723633
29,45,54,13,41,0,54,0.6674377918243408,0.47376549243927,0.47037914395332336,0.47376549243927,0.47376549243927,0,0,0.46713947990543736,0.18907856941223145
30,38,47,12,35,0,47,0.6634560227394104,0.5177304744720459,0.4719078242778778,0.5177304744720459,0.5177304744720459,0,0,0.4690307328605201,0.06468510627746582
31,35,50,0,50,0,50,0.6679196357727051,0.46833336353302,0.4681607782840729,0.46833336353302,0.46833336353302,0,0,0.46713947990543736,0.06861376762390137
32,41,57,17,40,0,57,0.6663265824317932,0.4868420958518982,0.476346880197525,0.4868420958518982,0.4868420958518982,0,0,0.47139479905437354,0.07152128219604492
33,41,40,0,40,0,40,0.6670409440994263,0.4895833134651184,0.4686761498451233,0.4895833134651184,0.4895833134651184,0,0,0.46713947990543736,0.16485857963562012
34,38,52,18,34,0,52,0.6624041795730591,0.4919871687889099,0.476186603307724,0.4919871687889099,0.4919871687889099,0,0,0.4723404255319149,0.07138419151306152
35,50,36,0,36,0,36,0.6702443361282349,0.41898149251937866,0.4770554304122925,0.41898149251937866,0.41898149251937866,0,0,0.4803782505910166,0.05744743347167969
36,53,33,0,33,0,33,0.6659957766532898,0.47727271914482117,0.47771328687667847,0.47727271914482117,0.47727271914482117,0,0,0.4888888888888889,0.05399751663208008
37,46,63,19,44,0,63,0.6611096858978271,0.511904776096344,0.4933018088340759,0.511904776096344,0.511904776096344,0,0,0.4978723404255319,0.18128228187561035
38,53,41,0,41,0,41,0.6601102352142334,0.5081300735473633,0.47554630041122437,0.5081300735473633,0.5081300735473633,0,0,0.4836879432624113,0.060849905014038086
39,51,67,30,37,0,67,0.6631426811218262,0.4962686598300934,0.5006104111671448,0.4962686598300934,0.4962686598300934,0,0,0.5040189125295508,0.08197474479675293
40,48,31,0,31,0,31,0.6595567464828491,0.5349462032318115,0.47639745473861694,0.5349462032318115,0.5349462032318115,0,0,0.49361702127659574,0.05428647994995117
41,53,37,3,34,0,37,0.6621571779251099,0.5112611651420593,0.5030093789100647,0.5112611651420593,0.5112611651420593,0,0,0.5153664302600472,0.05778241157531738
42,39,65,18,47,0,65,0.6607544422149658,0.5243589282035828,0.5202909708023071,0.5243589282035828,0.5243589282035828,0,0,0.532387706855792,0.1784377098083496
43,44,54,13,41,0,54,0.6619900465011597,0.5216049551963806,0.52464759349823,0.5216049551963806,0.5216049551963806,0,0,0.5451536643026005,0.07093048095703125
44,45,40,0,40,0,40,0.661116898059845,0.5229166746139526,0.5147990584373474,0.5229166746139526,0.5229166746139526,0,0,0.5390070921985816,0.061518192291259766
45,47,31,0,31,0,31,0.6624088287353516,0.5215054154396057,0.5183863639831543,0.5215054154396057,0.5215054154396057,0,0,0.5432624113475177,0.05292224884033203
46,37,42,0,42,0,42,0.6601361036300659,0.5218254327774048,0.5043678879737854,0.5218254327774048,0.5218254327774048,0,0,0.518676122931442,0.15864777565002441
47,55,57,13,44,0,57,0.6627193093299866,0.5175438523292542,0.5367757678031921,0.5175438523292542,0.5175438523292542,0,0,0.5560283687943263,0.07483243942260742
48,58,42,2,40,0,42,0.6578555107116699,0.5317460298538208,0.5181132555007935,0.5317460298538208,0.5317460298538208,0,0,0.5479905437352246,0.06191706657409668
49,42,41,0,41,0,41,0.6583371758460999,0.5284552574157715,0.5290664434432983,0.5284552574157715,0.5284552574157715,0,0,0.5702127659574469,0.059378623962402344
50,48,37,0,37,0,37,0.6575644016265869,0.5608108043670654,0.518625020980835,0.5608108043670654,0.5608108043670654,0,0,0.5408983451536643,0.057088613510131836
51,44,49,17,32,0,49,0.6567240953445435,0.5748299360275269,0.5689293742179871,0.5748299360275269,0.5748299360275269,0,0,0.5891252955082742,0.06809353828430176
52,44,57,9,48,0,57,0.6541007161140442,0.5935672521591187,0.54925137758255,0.5935672521591187,0.5935672521591187,0,0,0.5867612293144208,0.17524027824401855
53,43,42,0,42,0,42,0.6594181060791016,0.545634925365448,0.5514804124832153,0.545634925365448,0.545634925365448,0,0,0.5981087470449172,0.061394453048706055
54,52,58,17,41,0,58,0.6545447707176208,0.5833333730697632,0.575560450553894,0.5833333730697632,0.5833333730697632,0,0,0.6118203309692671,0.07540583610534668
55,47,54,16,38,0,54,0.6545918583869934,0.5987654328346252,0.6018124222755432,0.5987654328346252,0.5987654328346252,0,0,0.633096926713948,0.07240486145019531
56,48,38,0,38,0,38,0.6539289355278015,0.5986842513084412,0.5727012157440186,0.5986842513084412,0.5986842513084412,0,0,0.6094562647754137,0.06012415885925293
57,44,62,18,44,0,62,0.652189314365387,0.6061827540397644,0.5992069244384766,0.6061827540397644,0.6061827540397644,0,0,0.6345153664302601,0.19303226470947266
58,37,33,0,33,0,33,0.657379150390625,0.6010101437568665,0.6000573039054871,0.6010101437568665,0.6010101437568665,0,0,0.631678486997636,0.05349898338317871
59,49,65,23,42,0,65,0.65065997838974,0.642307698726654,0.6244044303894043,0.642307698726654,0.642307698726654,0,0,0.6524822695035462,0.08170628547668457
60,56,36,8,28,0,36,0.6477929949760437,0.6550925374031067,0.6130680441856384,0.6550925374031067,0.6550925374031067,0,0,0.6510638297872341,0.05632328987121582
61,42,45,2,43,0,45,0.6520417332649231,0.6407407522201538,0.6065458655357361,0.6407407522201538,0.6407407522201538,0,0,0.6557919621749408,0.06356263160705566
62,43,35,0,35,0,35,0.6534078121185303,0.6500000357627869,0.6084836721420288,0.6500000357627869,0.6500000357627869,0,0,0.6614657210401891,0.05580711364746094
63,48,41,4,37,0,41,0.6479799151420593,0.6666666865348816,0.6359338164329529,0.6666666865348816,0.6666666865348816,0,0,0.6794326241134752,0.06020092964172363
64,45,55,24,31,0,55,0.6469802260398865,0.7090908885002136,0.6826993227005005,0.7090908885002136,0.7090908885002136,0,0,0.7059101654846336,0.07288384437561035
65,48,68,17,51,0,68,0.6467031836509705,0.6825979948043823,0.6527673602104187,0.6825979948043823,0.6825979948043823,0,0,0.7101654846335698,0.0816049575805664
66,56,63,28,35,0,63,0.6468348503112793,0.7010582089424133,0.6870426535606384,0.7010582089424133,0.7010582089424133,0,0,0.7295508274231679,0.18780207633972168
67,47,55,19,36,0,55,0.6469315886497498,0.6803030371665955,0.6801633238792419,0.6803030371665955,0.6803030371665955,0,0,0.7309692671394799,0.07338857650756836
68,53,51,16,35,0,51,0.646925687789917,0.7107843160629272,0.6953043341636658,0.7107843160629272,0.7107843160629272,0,0,0.7432624113475177,0.06904196739196777
69,45,38,14,24,0,38,0.650507390499115,0.6644736528396606,0.6883786916732788,0.6644736528396606,0.6644736528396606,0,0,0.7494089834515366,0.15607476234436035
70,54,43,0,43,0,43,0.6476779580116272,0.6860465407371521,0.652229368686676,0.6860465407371521,0.6860465407371521,0,0,0.723404255319149,0.06536269187927246
71,50,58,17,41,0,58,0.6468098759651184,0.709770143032074,0.6972039341926575,0.709770143032074,0.709770143032074,0,0,0.7399527186761229,0.07587814331054688
72,53,59,28,31,0,59,0.6419761180877686,0.7768361568450928,0.753447949886322,0.7768361568450928,0.7768361568450928,0,0,0.7739952718676123,0.17588329315185547
73,47,65,26,39,0,65,0.6418833136558533,0.7589743137359619,0.7311801910400391,0.7589743137359619,0.7589743137359619,0,0,0.7768321513002364,0.08077549934387207
74,50,41,0,41,0,41,0.6464083790779114,0.7012194991111755,0.6851755976676941,0.7012194991111755,0.7012194991111755,0,0,0.7442080378250591,0.06264662742614746
75,38,30,0,30,0,30,0.6474746465682983,0.7111110687255859,0.6765800714492798,0.7111110687255859,0.7111110687255859,0,0,0.7678486997635934,0.05234885215759277
76,45,38,0,38,0,38,0.6491586565971375,0.6776315569877625,0.7034217119216919,0.6776315569877625,0.6776315569877625,0,0,0.7664302600472813,0.05825161933898926
77,39,39,0,39,0,39,0.6472797393798828,0.745726466178894,0.7158514261245728,0.745726466178894,0.745726466178894,0,0,0.7508274231678487,0.15639472007751465
78,48,26,0,26,0,26,0.6391993761062622,0.7435897588729858,0.7294235229492188,0.7435897588729858,0.7435897588729858,0,0,0.76548463356974,0.048037052154541016
79,48,49,0,49,0,49,0.6412122249603271,0.7806122303009033,0.7249481678009033,0.7806122303009033,0.7806122303009033,0,0,0.7565011820330969,0.06917691230773926
80,48,48,17,31,0,48,0.634833574295044,0.8055555820465088,0.7552304863929749,0.8055555820465088,0.8055555820465088,0,0,0.7763593380614657,0.06647872924804688
81,46,32,0,32,0,32,0.6445618867874146,0.7526041865348816,0.7342494130134583,0.7526041865348816,0.7526041865348816,0,0,0.7796690307328605,0.052982330322265625
82,37,49,13,36,0,49,0.6416622400283813,0.7704081535339355,0.7655232548713684,0.7704081535339355,0.7704081535339355,0,0,0.7919621749408984,0.16592812538146973
83,41,23,0,23,0,23,0.644077479839325,0.75,0.7473326921463013,0.75,0.75,0,0,0.7843971631205674,0.04605889320373535
84,46,36,0,36,0,36,0.6382762789726257,0.7662037014961243,0.7531521320343018,0.7662037014961243,0.7662037014961243,0,0,0.7900709219858156,0.05853557586669922
85,42,47,7,40,0,47,0.6352440714836121,0.7996454238891602,0.774749755859375,0.7996454238891602,0.7996454238891602,0,0,0.7924349881796691,0.0674142837524414
86,37,23,0,23,0,23,0.643162727355957,0.7572463750839233,0.7923732399940491,0.7572463750839233,0.7572463750839233,0,0,0.810401891252955,0.04622173309326172
87,48,52,11,41,0,52,0.6375722885131836,0.8253204822540283,0.7939443588256836,0.8253204822540283,0.8253204822540283,0,0,0.8184397163120567,0.07074546813964844
88,42,53,0,53,0,53,0.6380035281181335,0.7830188870429993,0.7865204215049744,0.7830188870429993,0.7830188870429993,0,0,0.8085106382978723,0.17177677154541016
89,49,44,0,44,0,44,0.6375396251678467,0.8200757503509521,0.7823232412338257,0.8200757503509521,0.8200757503509521,0,0,0.8189125295508274,0.06384158134460449
90,41,36,0,36,0,36,0.6308711767196655,0.8125,0.787155270576477,0.8125,0.8125,0,0,0.8212765957446808,0.05487537384033203
91,34,30,0,30,0,30,0.6317262053489685,0.805555522441864,0.8098501563072205,0.805555522441864,0.805555522441864,0,0,0.8293144208037825,0.051508188247680664
92,33,55,9,46,0,55,0.6339094042778015,0.810606062412262,0.8102644681930542,0.810606062412262,0.810606062412262,0,0,0.8425531914893617,0.1687307357788086
93,48,62,21,41,0,62,0.6348439455032349,0.823924720287323,0.8255318403244019,0.823924720287323,0.823924720287323,0,0,0.8524822695035461,0.07789826393127441
94,45,46,7,39,0,46,0.6394325494766235,0.8260869383811951,0.8265289664268494,0.8260869383811951,0.8260869383811951,0,0,0.8605200945626478,0.0657815933227539
95,49,40,4,36,0,40,0.6330325603485107,0.8312498927116394,0.8231441378593445,0.8312498927116394,0.8312498927116394,0,0,0.8581560283687943,0.05973100662231445
96,37,41,0,41,0,41,0.6353733539581299,0.8434960246086121,0.8210920691490173,0.8434960246086121,0.8434960246086121,0,0,0.8680851063829788,0.16121125221252441
97,41,35,0,35,0,35,0.6384270787239075,0.8428571820259094,0.8143194913864136,0.8428571820259094,0.8428571820259094,0,0,0.8595744680851064,0.054538726806640625
98,43,37,0,37,0,37,0.6354988217353821,0.837837815284729,0.822503387928009,0.837837815284729,0.837837815284729,0,0,0.8591016548463357,0.05842995643615723
99,48,55,17,38,0,55,0.6268078088760376,0.8666666150093079,0.8490781188011169,0.8666666150093079,0.8666666150093079,0,0,0.8690307328605201,0.07319808006286621
