round,n_client_req,n_new_updates,n_ontime_updates,n_delayed_updates,n_malicious_updates,n_benign_updates,client_avg_loss_avg,client_train_acc_avg,client_test_acc_avg,benign_client_train_acc_avg,benign_client_test_acc_avg,malicious_client_train_acc_avg,malicious_client_test_acc_avg,accuracy_score,aggregator_time
0,100,36,36,0,0,36,0.691129207611084,0.4768518805503845,0.46335697174072266,0.4768518805503845,0.4768518805503845,0,0,0.46335697399527187,2.11125111579895
1,93,43,37,6,0,43,0.6895260810852051,0.47674423456192017,0.46335700154304504,0.47674423456192017,0.47674423456192017,0,0,0.46335697399527187,2.4318149089813232
2,89,57,53,4,0,57,0.6881330013275146,0.48245614767074585,0.46335703134536743,0.48245614767074585,0.48245614767074585,0,0,0.46335697399527187,2.3009748458862305
3,86,66,62,4,0,66,0.6876267194747925,0.46590906381607056,0.46335697174072266,0.46590906381607056,0.46590906381607056,0,0,0.46335697399527187,3.7957921028137207
4,85,31,20,11,0,31,0.6842402219772339,0.5161290168762207,0.46335697174072266,0.5161290168762207,0.5161290168762207,0,0,0.46335697399527187,2.331056594848633
5,85,58,47,11,0,58,0.6855782866477966,0.48419538140296936,0.46335700154304504,0.48419538140296936,0.48419538140296936,0,0,0.46335697399527187,1.581580400466919
6,75,43,35,8,0,43,0.6867979764938354,0.44961240887641907,0.46335700154304504,0.44961240887641907,0.44961240887641907,0,0,0.46335697399527187,1.6602177619934082
7,72,28,21,7,0,28,0.6827751994132996,0.4851190745830536,0.46335697174072266,0.4851190745830536,0.4851190745830536,0,0,0.46335697399527187,0.9975230693817139
8,64,13,3,10,0,13,0.6861680746078491,0.4615384638309479,0.46335697174072266,0.4615384638309479,0.4615384638309479,0,0,0.46335697399527187,3.3443386554718018
9,63,49,33,16,0,49,0.6846290826797485,0.47789111733436584,0.46335694193840027,0.47789111733436584,0.47789111733436584,0,0,0.46335697399527187,2.041837692260742
10,65,38,32,6,0,38,0.6856077909469604,0.4561403691768646,0.46335697174072266,0.4561403691768646,0.4561403691768646,0,0,0.46335697399527187,1.6934959888458252
11,53,22,3,19,0,22,0.6890833377838135,0.40909090638160706,0.46335697174072266,0.40909090638160706,0.40909090638160706,0,0,0.46335697399527187,1.6738874912261963
12,54,41,24,17,0,41,0.6848597526550293,0.4654471278190613,0.46335694193840027,0.4654471278190613,0.4654471278190613,0,0,0.46335697399527187,2.6507489681243896
13,47,31,15,16,0,31,0.6854222416877747,0.4489247500896454,0.46335697174072266,0.4489247500896454,0.4489247500896454,0,0,0.46335697399527187,1.9345662593841553
14,55,21,0,21,0,21,0.6835103034973145,0.4960317611694336,0.46335697174072266,0.4960317611694336,0.4960317611694336,0,0,0.46335697399527187,3.2956044673919678
15,47,18,0,18,0,18,0.6871588826179504,0.4583333432674408,0.46335697174072266,0.4583333432674408,0.4583333432674408,0,0,0.46335697399527187,2.7449772357940674
16,51,40,0,40,0,40,0.682015061378479,0.5104166269302368,0.46335697174072266,0.5104166269302368,0.5104166269302368,0,0,0.46335697399527187,2.539076805114746
17,50,30,10,20,0,30,0.683423638343811,0.4888888895511627,0.46335697174072266,0.4888888895511627,0.4888888895511627,0,0,0.46335697399527187,2.3708577156066895
18,40,24,0,24,0,24,0.6863519549369812,0.4583333730697632,0.46335697174072266,0.4583333730697632,0.4583333730697632,0,0,0.46335697399527187,2.52748441696167
19,39,64,16,48,0,64,0.6846257448196411,0.48046875,0.46335697174072266,0.48046875,0.48046875,0,0,0.46335697399527187,4.205460786819458
20,46,41,0,41,0,41,0.6870623826980591,0.45325204730033875,0.46335694193840027,0.45325204730033875,0.45325204730033875,0,0,0.46335697399527187,2.247260332107544
21,46,30,0,30,0,30,0.6880831122398376,0.43611106276512146,0.46335697174072266,0.43611106276512146,0.43611106276512146,0,0,0.46335697399527187,2.3073413372039795
22,41,46,0,46,0,46,0.6809408664703369,0.5163043737411499,0.46335694193840027,0.5163043737411499,0.5163043737411499,0,0,0.46335697399527187,3.7069385051727295
23,46,42,11,31,0,42,0.6838997006416321,0.4821428656578064,0.4633569121360779,0.4821428656578064,0.4821428656578064,0,0,0.46335697399527187,3.8729419708251953
24,43,53,16,37,0,53,0.6873713135719299,0.4229559600353241,0.46335700154304504,0.4229559600353241,0.4229559600353241,0,0,0.46335697399527187,4.40557074546814
25,44,40,0,40,0,40,0.6840245723724365,0.4833333492279053,0.46335697174072266,0.4833333492279053,0.4833333492279053,0,0,0.46335697399527187,3.033627510070801
26,50,43,0,43,0,43,0.6847583055496216,0.4689922630786896,0.46335700154304504,0.4689922630786896,0.4689922630786896,0,0,0.46335697399527187,2.8577044010162354
27,41,39,6,33,0,39,0.6840510964393616,0.46794870495796204,0.46335700154304504,0.46794870495796204,0.46794870495796204,0,0,0.46335697399527187,2.7704379558563232
28,45,63,24,39,0,63,0.6827195882797241,0.4867725074291229,0.4633570611476898,0.4867725074291229,0.4867725074291229,0,0,0.46335697399527187,4.005798578262329
29,37,48,12,36,0,48,0.6830172538757324,0.4756944179534912,0.46335697174072266,0.4756944179534912,0.4756944179534912,0,0,0.46335697399527187,3.5703306198120117
30,40,39,0,39,0,39,0.6837884783744812,0.4829060137271881,0.46335700154304504,0.4829060137271881,0.4829060137271881,0,0,0.46335697399527187,2.806655168533325
31,37,37,1,36,0,37,0.6816371083259583,0.4887387156486511,0.46335694193840027,0.4887387156486511,0.4887387156486511,0,0,0.46335697399527187,1.891843318939209
32,40,26,0,26,0,26,0.6849771738052368,0.45192307233810425,0.46335697174072266,0.45192307233810425,0.45192307233810425,0,0,0.46335697399527187,2.799306869506836
33,45,30,0,30,0,30,0.6819324493408203,0.49166664481163025,0.46335697174072266,0.49166664481163025,0.49166664481163025,0,0,0.46335697399527187,1.9254436492919922
34,47,58,19,39,0,58,0.6842583417892456,0.4482758939266205,0.46335700154304504,0.4482758939266205,0.4482758939266205,0,0,0.46335697399527187,4.335360050201416
35,42,38,3,35,0,38,0.6810815930366516,0.49342110753059387,0.46335697174072266,0.49342110753059387,0.49342110753059387,0,0,0.46335697399527187,4.42419958114624
36,46,43,0,43,0,43,0.6823477149009705,0.4844960868358612,0.46335700154304504,0.4844960868358612,0.4844960868358612,0,0,0.46335697399527187,1.7671115398406982
37,41,44,1,43,0,44,0.6831226348876953,0.47159096598625183,0.46335697174072266,0.47159096598625183,0.47159096598625183,0,0,0.46335697399527187,4.661689758300781
38,48,38,0,38,0,38,0.6854449510574341,0.4364035129547119,0.46335697174072266,0.4364035129547119,0.4364035129547119,0,0,0.46335697399527187,2.4865729808807373
39,36,64,11,53,0,64,0.6819353103637695,0.48046875,0.46335697174072266,0.48046875,0.48046875,0,0,0.46335697399527187,5.569124698638916
40,47,36,0,36,0,36,0.6833370923995972,0.4537036716938019,0.46335697174072266,0.4537036716938019,0.4537036716938019,0,0,0.46335697399527187,2.4483039379119873
41,40,40,0,40,0,40,0.6848746538162231,0.43958336114883423,0.46335697174072266,0.43958336114883423,0.43958336114883423,0,0,0.46335697399527187,3.670151472091675
42,41,31,0,31,0,31,0.6810067892074585,0.494623601436615,0.46335697174072266,0.494623601436615,0.494623601436615,0,0,0.46335697399527187,1.9536032676696777
43,40,39,0,39,0,39,0.6808403134346008,0.4871794879436493,0.46335700154304504,0.4871794879436493,0.4871794879436493,0,0,0.46335697399527187,3.0674543380737305
44,47,60,27,33,0,60,0.682256817817688,0.4694444537162781,0.46335703134536743,0.4694444537162781,0.4694444537162781,0,0,0.46335697399527187,4.665785312652588
45,44,26,0,26,0,26,0.6806589961051941,0.4967948794364929,0.46335697174072266,0.4967948794364929,0.4967948794364929,0,0,0.46335697399527187,3.4271843433380127
46,39,37,4,33,0,37,0.6813812255859375,0.46846848726272583,0.46335694193840027,0.46846848726272583,0.46846848726272583,0,0,0.46335697399527187,2.477602243423462
47,41,43,2,41,0,43,0.6862043738365173,0.4166666865348816,0.46335700154304504,0.4166666865348816,0.4166666865348816,0,0,0.46335697399527187,2.663208246231079
48,35,38,0,38,0,38,0.684095025062561,0.44298243522644043,0.46335697174072266,0.44298243522644043,0.44298243522644043,0,0,0.46335697399527187,2.5391030311584473
49,40,44,0,44,0,44,0.6817430257797241,0.4791666865348816,0.46335697174072266,0.4791666865348816,0.4791666865348816,0,0,0.46335697399527187,3.7982637882232666
50,41,43,0,43,0,43,0.6837502121925354,0.44573646783828735,0.46335700154304504,0.44573646783828735,0.44573646783828735,0,0,0.46335697399527187,4.086085319519043
51,44,50,17,33,0,50,0.6798800826072693,0.4833333194255829,0.46335697174072266,0.4833333194255829,0.4833333194255829,0,0,0.46335697399527187,4.972096920013428
52,43,29,0,29,0,29,0.6777462363243103,0.5258620977401733,0.46335697174072266,0.5258620977401733,0.5258620977401733,0,0,0.46335697399527187,2.531867742538452
53,42,46,13,33,0,46,0.6778677701950073,0.5163043737411499,0.46335694193840027,0.5163043737411499,0.5163043737411499,0,0,0.46335697399527187,3.708082675933838
54,41,32,0,32,0,32,0.6805365085601807,0.4765625298023224,0.46335697174072266,0.4765625298023224,0.4765625298023224,0,0,0.46335697399527187,3.336024284362793
55,42,39,2,37,0,39,0.680982232093811,0.4700854420661926,0.46335700154304504,0.4700854420661926,0.4700854420661926,0,0,0.46335697399527187,4.403777599334717
56,41,35,0,35,0,35,0.6795773506164551,0.49047616124153137,0.46335700154304504,0.49047616124153137,0.49047616124153137,0,0,0.46335697399527187,4.032397747039795
57,40,51,12,39,0,51,0.6813412308692932,0.45588240027427673,0.46335700154304504,0.45588240027427673,0.45588240027427673,0,0,0.46335697399527187,3.7097249031066895
58,39,28,0,28,0,28,0.6790896654129028,0.482142835855484,0.46335697174072266,0.482142835855484,0.482142835855484,0,0,0.46335697399527187,3.574591636657715
59,38,46,0,46,0,46,0.6824531555175781,0.44927534461021423,0.46335694193840027,0.44927534461021423,0.44927534461021423,0,0,0.46335697399527187,4.26464319229126
60,44,31,0,31,0,31,0.6815836429595947,0.46236559748649597,0.46335697174072266,0.46236559748649597,0.46236559748649597,0,0,0.46335697399527187,3.89353346824646
61,39,45,0,45,0,45,0.6803271174430847,0.4740740954875946,0.46335694193840027,0.4740740954875946,0.4740740954875946,0,0,0.46335697399527187,3.020221471786499
62,45,58,0,58,0,58,0.6821832060813904,0.4468390941619873,0.46335700154304504,0.4468390941619873,0.4468390941619873,0,0,0.46335697399527187,4.226696968078613
63,37,39,0,39,0,39,0.6810122728347778,0.45299142599105835,0.46335700154304504,0.45299142599105835,0.45299142599105835,0,0,0.46335697399527187,4.745396375656128
64,55,34,0,34,0,34,0.6799408197402954,0.4632352888584137,0.46335697174072266,0.4632352888584137,0.4632352888584137,0,0,0.46335697399527187,3.303921699523926
65,37,48,1,47,0,48,0.6798996925354004,0.4670138657093048,0.46335697174072266,0.4670138657093048,0.4670138657093048,0,0,0.46335697399527187,3.411651372909546
66,44,47,0,47,0,47,0.6766029000282288,0.5195035934448242,0.4633569121360779,0.5195035934448242,0.5195035934448242,0,0,0.46335697399527187,4.101548910140991
67,38,39,0,39,0,39,0.6806421875953674,0.4594016969203949,0.46335700154304504,0.4594016969203949,0.4594016969203949,0,0,0.46335697399527187,4.0061304569244385
68,41,57,18,39,0,57,0.6802345514297485,0.45614030957221985,0.46335703134536743,0.45614030957221985,0.45614030957221985,0,0,0.46335697399527187,4.226214408874512
69,39,56,19,37,0,56,0.6799330115318298,0.4627976417541504,0.46335703134536743,0.4627976417541504,0.4627976417541504,0,0,0.46335697399527187,4.756908178329468
70,36,33,0,33,0,33,0.679344117641449,0.47979798913002014,0.46335697174072266,0.47979798913002014,0.47979798913002014,0,0,0.46335697399527187,2.9914321899414062
71,42,44,0,44,0,44,0.6792316436767578,0.4640151262283325,0.46335697174072266,0.4640151262283325,0.4640151262283325,0,0,0.46335697399527187,5.03080415725708
72,39,43,6,37,0,43,0.6816999912261963,0.44186049699783325,0.46335700154304504,0.44186049699783325,0.44186049699783325,0,0,0.46335697399527187,4.159356594085693
73,43,37,1,36,0,37,0.680724024772644,0.4481981694698334,0.46335694193840027,0.4481981694698334,0.4481981694698334,0,0,0.46335697399527187,3.5061607360839844
74,38,41,3,38,0,41,0.6767989993095398,0.49796751141548157,0.46335694193840027,0.49796751141548157,0.49796751141548157,0,0,0.46335697399527187,2.9369235038757324
75,54,45,6,39,0,45,0.6800492405891418,0.46296292543411255,0.46335694193840027,0.46296292543411255,0.46296292543411255,0,0,0.46335697399527187,3.5182623863220215
76,44,43,0,43,0,43,0.6780881881713867,0.4961239993572235,0.46335700154304504,0.4961239993572235,0.4961239993572235,0,0,0.46335697399527187,3.6606881618499756
77,43,67,21,46,0,67,0.6792024970054626,0.45895519852638245,0.46335697174072266,0.45895519852638245,0.45895519852638245,0,0,0.46335697399527187,4.916877269744873
78,39,44,0,44,0,44,0.6773303151130676,0.48106059432029724,0.46335697174072266,0.48106059432029724,0.48106059432029724,0,0,0.46335697399527187,3.8093464374542236
79,49,53,11,42,0,53,0.6793314814567566,0.45283016562461853,0.46335700154304504,0.45283016562461853,0.45283016562461853,0,0,0.46335697399527187,3.4032959938049316
80,38,55,13,42,0,55,0.6770492792129517,0.4848484992980957,0.46335694193840027,0.4848484992980957,0.4848484992980957,0,0,0.46335697399527187,4.441067457199097
81,48,30,0,30,0,30,0.6771730184555054,0.4861110746860504,0.46335697174072266,0.4861110746860504,0.4861110746860504,0,0,0.46335697399527187,2.8373003005981445
82,36,48,15,33,0,48,0.6771416068077087,0.4774305522441864,0.46335697174072266,0.4774305522441864,0.4774305522441864,0,0,0.46335697399527187,2.6267201900482178
83,48,28,0,28,0,28,0.6770676374435425,0.4851190745830536,0.46335697174072266,0.4851190745830536,0.4851190745830536,0,0,0.46335697399527187,3.2380306720733643
84,53,64,30,34,0,64,0.679300844669342,0.4479166567325592,0.46335697174072266,0.4479166567325592,0.4479166567325592,0,0,0.46335697399527187,4.1116943359375
85,63,47,19,28,0,47,0.677565336227417,0.4609929323196411,0.4633569121360779,0.4609929323196411,0.4609929323196411,0,0,0.46335697399527187,4.1917150020599365
86,46,54,20,34,0,54,0.6772724390029907,0.4691357910633087,0.46335697174072266,0.4691357910633087,0.4691357910633087,0,0,0.46335697399527187,4.790490627288818
87,43,56,20,36,0,56,0.6755499243736267,0.4791666865348816,0.46335703134536743,0.4791666865348816,0.4791666865348816,0,0,0.46335697399527187,4.383903980255127
88,48,36,8,28,0,36,0.6793298721313477,0.4444444477558136,0.46335697174072266,0.4444444477558136,0.4444444477558136,0,0,0.46335697399527187,3.1457176208496094
89,39,34,0,34,0,34,0.6769106388092041,0.48039212822914124,0.46335697174072266,0.48039212822914124,0.48039212822914124,0,0,0.46335697399527187,3.2093114852905273
90,50,62,29,33,0,62,0.6770141124725342,0.46639788150787354,0.46335700154304504,0.46639788150787354,0.46639788150787354,0,0,0.46335697399527187,3.747011184692383
91,43,41,0,41,0,41,0.6765994429588318,0.4796747863292694,0.46335694193840027,0.4796747863292694,0.4796747863292694,0,0,0.46335697399527187,3.89056396484375
92,49,35,0,35,0,35,0.6777475476264954,0.45476192235946655,0.46335700154304504,0.45476192235946655,0.45476192235946655,0,0,0.46335697399527187,2.6255686283111572
93,38,58,18,40,0,58,0.6748666167259216,0.48419544100761414,0.46335700154304504,0.48419544100761414,0.48419544100761414,0,0,0.46335697399527187,4.136377811431885
94,47,37,0,37,0,37,0.6743248105049133,0.5,0.46335694193840027,0.5,0.5,0,0,0.46335697399527187,3.085939884185791
95,50,37,11,26,0,37,0.6747465133666992,0.4932432472705841,0.46335694193840027,0.4932432472705841,0.4932432472705841,0,0,0.46335697399527187,3.142965793609619
96,48,32,0,32,0,32,0.6767301559448242,0.4635416567325592,0.46335697174072266,0.4635416567325592,0.4635416567325592,0,0,0.46335697399527187,2.7106356620788574
97,43,52,0,52,0,52,0.6762206554412842,0.4711538553237915,0.46335697174072266,0.4711538553237915,0.4711538553237915,0,0,0.46335697399527187,3.071312189102173
98,39,48,7,41,0,48,0.6742110848426819,0.4930555522441864,0.46335697174072266,0.4930555522441864,0.4930555522441864,0,0,0.46335697399527187,2.350036144256592
99,45,36,0,36,0,36,0.6757625937461853,0.46990740299224854,0.46335697174072266,0.46990740299224854,0.46990740299224854,0,0,0.46335697399527187,3.7623212337493896
